masa_A
t x y
0,000 3,150 -0,157
0,017 2,976 -0,156
0,033 2,783 -0,163
0,050 2,596 -0,165
0,067 2,442 -0,155
0,083 2,216 -0,130
0,100 1,994 -0,133
0,117 1,779 -0,154
0,133 1,512 -0,134
0,150 1,295 -0,138
0,167 1,111 -0,149
0,183 0,901 -0,164
0,200 0,660 -0,152
0,217 0,438 -0,158
0,233 0,249 -0,163
0,250 6,192E-2 -0,158
0,267 -0,169 -0,120
0,283 -0,384 -0,124
0,300 -0,565 -0,127
0,317 -0,746 -0,139
0,333 -0,914 -0,144
0,350 -1,083 -0,147
0,367 -1,238 -0,141
0,383 -1,346 -0,132
0,400 -1,476 -0,135
0,417 -1,588 -0,148
0,433 -1,667 -0,132
0,450 -1,746 -0,135
0,467 -1,778 -0,138
0,483 -1,827 -0,148
0,500 -1,891 -0,128
0,517 -1,906 -0,146
0,533 -1,916 -0,146
0,550 -1,912 -0,151
0,567 -1,877 -0,144
0,583 -1,786 -0,156
0,600 -1,745 -0,149
0,617 -1,647 -0,175
0,633 -1,567 -0,158
0,650 -1,438 -0,189
0,667 -1,300 -0,197
0,683 -1,183 -0,157
0,700 -1,069 -0,162
0,717 -0,902 -0,162
0,733 -0,734 -0,177
0,750 -0,557 -0,196
0,767 -0,397 -0,191
0,783 -0,217 -0,199
0,800 6,400E-2 -0,237
0,817 0,275 -0,187
0,833 0,460 -0,166
0,850 0,742 -0,196
0,867 0,944 -0,175
0,883 1,137 -0,159
0,900 1,353 -0,156
0,917 1,591 -0,182
0,933 1,830 -0,167
0,950 2,020 -0,161
0,967 2,222 -0,211
0,983 2,460 -0,186
1,000 2,640 -0,161
1,017 2,814 -0,158
1,033 2,980 -0,155
1,050 3,148 -0,156
1,067 3,310 -0,158
1,083 3,475 -0,167
1,100 3,630 -0,171
1,117 3,692 -0,129
1,133 3,804 -0,165
1,150 3,859 -0,143
1,167 3,963 -0,173
1,183 4,008 -0,150
1,200 4,044 -0,115
1,217 4,046 -0,135
1,233 4,034 -0,140
1,250 4,021 -0,144
1,266 3,997 -0,153
1,283 3,981 -0,157
1,300 3,865 -0,130
1,317 3,821 -0,155
1,333 3,689 -0,135
1,350 3,602 -0,163
1,367 3,489 -0,152
1,383 3,353 -0,152
1,400 3,234 -0,143
1,417 3,027 -0,141
1,433 2,838 -0,148
1,450 2,676 -0,150
1,466 2,482 -0,154
1,483 2,293 -0,158
1,500 2,107 -0,162
1,517 1,894 -0,167
1,533 1,683 -0,142
1,550 1,457 -0,151
1,566 1,272 -0,157
1,583 1,064 -0,152
1,600 0,822 -0,147
1,616 0,601 -0,151
1,633 0,399 -0,157
1,650 0,200 -0,158
1,667 -4,311E-2 -0,138
1,683 -0,246 -0,147
1,700 -0,422 -0,149
1,716 -0,594 -0,153
1,733 -0,762 -0,155
1,750 -0,933 -0,157
1,766 -1,098 -0,152
1,783 -1,251 -0,146
1,800 -1,401 -0,143
1,816 -1,518 -0,134
1,833 -1,648 -0,146
1,850 -1,740 -0,131
1,866 -1,795 -0,130
1,883 -1,881 -0,106
1,900 -1,933 -0,135
1,916 -1,951 -0,142
1,933 -1,965 -0,148
1,950 -1,959 -0,153
1,966 -1,953 -0,153
1,983 -1,939 -0,176
2,000 -1,922 -0,167
2,016 -1,887 -0,171
2,033 -1,793 -0,202
2,050 -1,675 -0,185
2,066 -1,594 -0,160
2,083 -1,452 -0,173
2,100 -1,300 -0,186
2,116 -1,184 -0,164
2,133 -1,058 -0,186
2,150 -0,889 -0,169
2,166 -0,734 -0,188
2,183 -0,556 -0,186
2,200 -0,363 -0,182
2,216 -0,195 -0,200
2,233 5,277E-2 -0,200
2,250 0,271 -0,169
2,266 0,461 -0,165
2,283 0,694 -0,190
2,300 0,925 -0,175
2,316 1,125 -0,170
2,333 1,317 -0,160
2,350 1,585 -0,219
2,366 1,801 -0,181
2,383 1,980 -0,171
2,400 2,183 -0,161
2,416 2,345 -0,148
2,433 2,501 -0,150
2,450 2,681 -0,138
2,466 2,839 -0,146
2,483 2,993 -0,154
2,500 3,155 -0,151
2,516 3,298 -0,146
2,533 3,406 -0,148
2,550 3,512 -0,127
2,566 3,612 -0,154
2,583 3,680 -0,137
2,600 3,724 -9,423E-2
2,616 3,778 -0,153
2,633 3,832 -0,143
2,650 3,829 -0,143
2,666 3,828 -0,142
2,683 3,818 -0,152
2,700 3,779 -0,156
2,716 3,726 -0,124
2,733 3,660 -0,145
2,750 3,571 -0,115
2,766 3,477 -0,152
2,783 3,349 -0,146
2,800 3,204 -0,133
2,816 3,096 -0,155
2,833 2,960 -0,154
2,850 2,805 -0,155
2,866 2,635 -0,155
2,883 2,466 -0,157
2,900 2,264 -0,157
2,916 2,077 -0,153
2,933 1,862 -0,144
2,950 1,646 -0,150
2,966 1,456 -0,151
2,983 1,256 -0,157
3,000 1,046 -0,167
3,016 0,825 -0,147
3,033 0,613 -0,154
3,050 0,421 -0,158
3,066 0,186 -0,165
3,083 -2,930E-2 -0,144
3,100 -0,222 -0,149
3,116 -0,398 -0,133
3,133 -0,573 -0,132
3,150 -0,745 -0,138
3,166 -0,915 -0,147
3,183 -1,078 -0,153
3,200 -1,181 -0,118
3,216 -1,310 -0,136
3,233 -1,426 -0,142
3,250 -1,553 -0,135
3,266 -1,639 -0,147
3,283 -1,732 -0,130
3,300 -1,783 -0,149
3,316 -1,874 -0,121
3,333 -1,925 -0,138
3,350 -1,909 -0,132
3,366 -1,925 -0,120
3,383 -1,932 -0,143
3,400 -1,918 -0,147
3,416 -1,895 -0,150
3,433 -1,837 -0,168
3,450 -1,764 -0,169
3,466 -1,682 -0,178
3,483 -1,583 -0,164
3,500 -1,447 -0,176
3,516 -1,308 -0,184
3,533 -1,190 -0,169
3,550 -1,084 -0,173
3,566 -0,922 -0,190
3,583 -0,755 -0,220
3,600 -0,575 -0,193
3,616 -0,408 -0,215
3,633 -0,217 -0,216
3,650 -2,007E-2 -0,184
3,666 0,192 -0,235
3,683 0,425 -0,188
3,700 0,624 -0,177
3,716 0,817 -0,160
3,733 0,995 -0,166
3,750 1,231 -0,187
3,766 1,452 -0,162
3,783 1,655 -0,151
3,800 1,857 -0,142
3,816 2,045 -0,140
3,833 2,243 -0,189
3,850 2,447 -0,180
3,866 2,621 -0,174
3,883 2,787 -0,175
3,900 2,937 -0,177
3,916 3,127 -0,169
3,933 3,258 -0,180
3,950 3,372 -0,142
3,966 3,481 -0,162
3,983 3,561 -0,125
4,000 3,646 -0,155
4,016 3,687 -0,136
4,033 3,720 -0,133
4,050 3,778 -0,157
4,066 3,817 -0,156
4,083 3,821 -0,154
4,100 3,828 -0,148
4,116 3,807 -0,155
4,133 3,757 -0,163
4,150 3,694 -0,149
4,166 3,641 -0,151
4,183 3,517 -0,145
4,200 3,454 -0,153
4,216 3,320 -0,152
4,233 3,168 -0,147
4,250 3,056 -0,137
4,266 2,863 -0,150
4,283 2,749 -0,161
4,300 2,598 -0,162
4,316 2,443 -0,160
4,333 2,255 -0,156
4,350 2,021 -0,157
4,366 1,804 -0,163
4,383 1,624 -0,148
4,400 1,423 -0,156
4,416 1,208 -0,153
4,433 0,985 -0,152
4,450 0,775 -0,152
4,466 0,580 -0,155
4,483 0,348 -0,130
4,500 0,127 -0,138
4,516 -5,667E-2 -0,140
4,533 -0,232 -0,145
4,550 -0,408 -0,150
4,566 -0,585 -0,154
4,583 -0,754 -0,155
4,600 -0,922 -0,153
4,616 -1,088 -0,139
4,633 -1,241 -0,141
4,650 -1,386 -0,143
4,666 -1,494 -0,145
4,683 -1,590 -0,129
4,700 -1,652 -0,132
4,716 -1,754 -0,141
4,733 -1,783 -0,145
4,749 -1,815 -0,150
4,766 -1,839 -0,148
4,783 -1,806 -0,151
4,800 -1,792 -0,155
4,816 -1,782 -0,158
4,833 -1,755 -0,163
4,850 -1,723 -0,158
4,866 -1,627 -0,164
4,883 -1,574 -0,166
4,900 -1,454 -0,162
4,916 -1,393 -0,162
4,933 -1,256 -0,161
4,949 -1,112 -0,162
4,966 -0,989 -0,166
4,983 -0,789 -0,171
5,000 -0,638 -0,222
5,016 -0,449 -0,183
5,033 -0,268 -0,193
5,050 -9,891E-2 -0,208
5,066 9,137E-2 -0,214
5,083 0,284 -0,181
5,100 0,509 -0,169
5,116 0,707 -0,203
5,133 0,933 -0,190
5,149 1,112 -0,181
5,166 1,311 -0,161
5,183 1,565 -0,225
5,200 1,789 -0,183
5,216 1,974 -0,189
5,233 2,144 -0,177
5,250 2,335 -0,168
5,266 2,491 -0,165
5,283 2,653 -0,163
5,300 2,818 -0,160
5,316 2,984 -0,153
5,333 3,152 -0,150
5,350 3,308 -0,159
5,366 3,454 -0,167
5,383 3,543 -0,120
5,399 3,656 -0,140
5,416 3,727 -0,117
5,433 3,806 -0,145
5,449 3,837 -0,137
5,466 3,860 -0,136
5,483 3,903 -0,126
5,499 3,872 -0,136
5,516 3,859 -0,144
5,533 3,837 -0,150
5,549 3,826 -0,157
5,566 3,799 -0,161
5,583 3,717 -0,146
5,599 3,636 -0,148
5,616 3,510 -0,147
5,633 3,408 -0,159
5,649 3,314 -0,160
5,666 3,176 -0,155
5,683 3,014 -0,156
5,699 2,824 -0,157
5,716 2,650 -0,157
5,733 2,481 -0,155
5,749 2,307 -0,156
5,766 2,143 -0,153
5,783 1,945 -0,155
5,799 1,746 -0,157
5,816 1,524 -0,149
5,833 1,290 -0,153
5,849 1,094 -0,143
5,866 0,880 -0,146
5,883 0,674 -0,149
5,899 0,450 -0,161
5,916 0,268 -0,162
5,933 7,301E-2 -0,163
5,949 -7,765E-2 -0,142
5,966 -0,274 -0,153
5,983 -0,434 -0,158
5,999 -0,596 -0,154
6,016 -0,759 -0,152
6,033 -0,914 -0,151
6,049 -1,072 -0,146
6,066 -1,217 -0,134
6,083 -1,344 -0,130
6,099 -1,431 -0,146
6,116 -1,546 -0,141
6,133 -1,613 -0,149
6,149 -1,664 -0,152
6,166 -1,751 -0,135
6,183 -1,771 -0,136
6,199 -1,773 -0,140
6,216 -1,773 -0,150
6,233 -1,763 -0,145
6,249 -1,759 -0,148
6,266 -1,743 -0,147
6,283 -1,655 -0,174
6,299 -1,597 -0,162
6,316 -1,517 -0,155
6,333 -1,422 -0,159
6,349 -1,282 -0,162
6,366 -1,217 -0,170
6,383 -1,080 -0,160
6,399 -0,910 -0,177
6,416 -0,759 -0,176
6,433 -0,591 -0,183
6,449 -0,420 -0,176
6,466 -0,248 -0,212
6,483 -5,872E-2 -0,254
6,499 0,144 -0,277
6,516 0,345 -0,275
6,533 0,569 -0,302
6,549 0,768 -0,296
6,566 0,958 -0,310
6,583 1,165 -0,306
6,599 1,363 -0,305
6,616 1,574 -0,326
6,633 1,788 -0,324
6,649 1,963 -0,323
6,666 2,143 -0,331
6,683 2,318 -0,322
6,699 2,481 -0,324
6,716 2,649 -0,324
6,733 2,808 -0,320
6,749 2,980 -0,316
6,766 3,139 -0,319
6,783 3,281 -0,323
6,799 3,390 -0,290
6,816 3,466 -0,295
6,833 3,554 -0,270
6,849 3,616 -0,281
6,866 3,693 -0,282
6,883 3,716 -0,287
6,899 3,780 -0,307
6,916 3,815 -0,300
6,933 3,819 -0,307
6,949 3,815 -0,314
6,966 3,791 -0,319
6,983 3,748 -0,329
6,999 3,680 -0,303
7,016 3,620 -0,321
7,033 3,508 -0,299
7,049 3,453 -0,321
7,066 3,327 -0,315
7,083 3,170 -0,313
7,099 3,015 -0,317
7,116 2,852 -0,307
7,133 2,673 -0,309
7,149 2,495 -0,310
7,166 2,322 -0,308
7,183 2,155 -0,301
7,199 1,965 -0,311
7,216 1,779 -0,315
7,233 1,603 -0,311
7,249 1,363 -0,292
7,266 1,142 -0,298
7,283 0,940 -0,308
7,299 0,754 -0,308
7,316 0,581 -0,308
7,333 0,383 -0,300
7,349 0,178 -0,277
7,366 -4,259E-2 -0,287
7,383 -0,226 -0,305
7,399 -0,398 -0,305
7,416 -0,570 -0,299
7,433 -0,738 -0,300
7,449 -0,891 -0,293
7,466 -1,030 -0,288
7,483 -1,169 -0,287
7,499 -1,266 -0,289
7,516 -1,406 -0,291
7,533 -1,466 -0,293
7,549 -1,554 -0,276
7,566 -1,606 -0,299
7,583 -1,680 -0,307
7,599 -1,697 -0,281
7,616 -1,751 -0,296
7,633 -1,753 -0,302
7,649 -1,756 -0,306
7,666 -1,753 -0,307
7,683 -1,732 -0,301
7,699 -1,688 -0,294
7,716 -1,610 -0,323
7,733 -1,564 -0,314
7,749 -1,443 -0,326
7,766 -1,342 -0,340
7,783 -1,229 -0,317
7,799 -1,099 -0,329
7,816 -0,963 -0,345
7,833 -0,788 -0,335
7,849 -0,613 -0,351
7,866 -0,478 -0,397
7,883 -0,288 -0,381
7,899 -0,109 -0,368
7,916 8,711E-2 -0,353
7,933 0,270 -0,352
7,949 0,440 -0,355
7,966 0,640 -0,349
7,983 0,840 -0,334
7,999 1,017 -0,333
8,016 1,233 -0,348
8,033 1,444 -0,337
8,049 1,629 -0,329
8,066 1,855 -0,320
8,083 2,025 -0,310
8,099 2,177 -0,314
8,116 2,340 -0,320
8,133 2,510 -0,318
8,149 2,671 -0,321
8,166 2,828 -0,322
8,183 2,979 -0,329
8,199 3,142 -0,326
8,216 3,260 -0,324
8,233 3,344 -0,308
8,249 3,472 -0,316
8,266 3,544 -0,305
8,283 3,627 -0,319
8,299 3,675 -0,304
8,316 3,686 -0,306
8,333 3,687 -0,294
8,349 3,694 -0,292
8,366 3,686 -0,300
8,383 3,664 -0,319
8,399 3,654 -0,304
8,416 3,626 -0,308
8,433 3,531 -0,292
8,449 3,467 -0,311
8,466 3,349 -0,302
8,483 3,238 -0,316
8,499 3,151 -0,318
8,516 3,003 -0,316
8,533 2,854 -0,319
8,549 2,685 -0,299
8,566 2,507 -0,305
8,583 2,332 -0,306
8,599 2,159 -0,306
8,616 1,980 -0,313
8,633 1,806 -0,314
8,649 1,618 -0,313
8,666 1,441 -0,317
8,683 1,240 -0,315
8,699 1,013 -0,295
8,716 0,794 -0,307
8,732 0,615 -0,304
8,749 0,432 -0,301
8,766 0,254 -0,311
8,783 5,160E-2 -0,308
8,799 -0,120 -0,306
8,816 -0,304 -0,314
8,833 -0,444 -0,311
8,849 -0,610 -0,308
8,866 -0,755 -0,310
8,883 -0,909 -0,308
8,899 -1,067 -0,296
8,916 -1,197 -0,286
8,932 -1,284 -0,299
8,949 -1,411 -0,300
8,966 -1,459 -0,302
8,983 -1,549 -0,288
8,999 -1,609 -0,292
9,016 -1,641 -0,299
9,033 -1,712 -0,281
9,049 -1,729 -0,291
9,066 -1,746 -0,305
9,083 -1,743 -0,301
9,099 -1,699 -0,294
9,116 -1,629 -0,311
9,132 -1,596 -0,311
9,149 -1,535 -0,308
9,166 -1,432 -0,319
9,182 -1,375 -0,315
9,199 -1,257 -0,325
9,216 -1,108 -0,330
9,232 -0,976 -0,330
9,249 -0,820 -0,359
9,266 -0,625 -0,345
9,282 -0,440 -0,344
9,299 -0,263 -0,344
9,316 -9,717E-2 -0,356
9,332 8,121E-2 -0,370
9,349 0,269 -0,373
9,366 0,451 -0,363
9,382 0,639 -0,371
9,399 0,815 -0,364
9,416 1,014 -0,361
9,432 1,221 -0,369
9,449 1,429 -0,353
9,466 1,624 -0,345
9,482 1,800 -0,338
9,499 1,986 -0,336
9,516 2,164 -0,324
9,532 2,324 -0,340
9,549 2,488 -0,338
9,566 2,654 -0,337
9,582 2,815 -0,331
9,599 2,977 -0,325
9,616 3,134 -0,332
9,632 3,276 -0,334
9,649 3,394 -0,308
9,666 3,464 -0,318
9,682 3,551 -0,305
9,699 3,616 -0,331
9,716 3,665 -0,319
9,732 3,700 -0,301
9,749 3,712 -0,291
9,766 3,709 -0,285
9,782 3,694 -0,295
9,799 3,679 -0,303
9,816 3,652 -0,312
9,832 3,625 -0,316
9,849 3,592 -0,329
9,866 3,494 -0,313
9,882 3,437 -0,335
9,899 3,322 -0,321
9,916 3,185 -0,322
9,932 3,059 -0,312
9,949 2,919 -0,336
9,966 2,779 -0,328
9,982 2,618 -0,327
9,999 2,479 -0,308
10,016 2,301 -0,319
10,032 2,125 -0,325
10,049 1,956 -0,326
10,066 1,758 -0,329
10,082 1,579 -0,340
10,099 1,338 -0,312
10,116 1,154 -0,301
10,132 0,946 -0,307
10,149 0,765 -0,317
10,166 0,578 -0,320
10,182 0,415 -0,321
10,199 0,221 -0,322
10,216 5,761E-2 -0,321
10,232 -0,109 -0,308
10,249 -0,266 -0,314
10,266 -0,440 -0,311
10,282 -0,598 -0,312
10,299 -0,742 -0,311
10,316 -0,904 -0,302
10,332 -1,055 -0,297
10,349 -1,156 -0,310
10,366 -1,244 -0,304
10,382 -1,347 -0,288
10,399 -1,431 -0,306
10,416 -1,454 -0,309
10,432 -1,526 -0,294
10,449 -1,590 -0,308
10,466 -1,600 -0,309
10,482 -1,604 -0,312
10,499 -1,603 -0,311
10,516 -1,588 -0,309
10,532 -1,569 -0,300
10,549 -1,533 -0,299
10,566 -1,448 -0,324
10,582 -1,416 -0,316
10,599 -1,292 -0,328
10,616 -1,225 -0,324
10,632 -1,093 -0,334
10,649 -0,946 -0,342
10,666 -0,830 -0,374
10,682 -0,669 -0,315
10,699 -0,544 -0,319
10,716 -0,391 -0,326
10,732 -0,234 -0,342
10,749 -6,945E-2 -0,342
10,766 0,110 -0,351
10,782 0,286 -0,353
10,799 0,475 -0,351
10,816 0,641 -0,358
10,832 0,849 -0,328
10,849 1,047 -0,378
10,866 1,268 -0,347
10,882 1,453 -0,340
10,899 1,635 -0,328
10,916 1,828 -0,325
10,932 1,988 -0,329
10,949 2,159 -0,321
10,966 2,322 -0,325
10,982 2,497 -0,326
10,999 2,664 -0,314
11,016 2,806 -0,326
11,032 2,958 -0,324
11,049 3,077 -0,325
11,066 3,190 -0,297
11,082 3,302 -0,326
11,099 3,387 -0,290
11,116 3,473 -0,318
11,132 3,522 -0,296
11,149 3,600 -0,318
11,166 3,646 -0,310
11,182 3,658 -0,307
11,199 3,659 -0,305
11,216 3,661 -0,293
11,232 3,637 -0,303
11,249 3,592 -0,310
11,266 3,536 -0,298
11,282 3,480 -0,312
11,299 3,373 -0,299
11,316 3,297 -0,312
11,332 3,164 -0,309
11,349 3,028 -0,287
11,366 2,895 -0,278
11,382 2,748 -0,317
11,399 2,619 -0,321
11,416 2,472 -0,316
11,432 2,306 -0,314
11,449 2,133 -0,316
11,466 1,959 -0,312
11,482 1,769 -0,313
11,499 1,569 -0,314
11,516 1,392 -0,313
11,532 1,167 -0,300
11,549 0,966 -0,307
11,566 0,777 -0,306
11,582 0,601 -0,299
11,599 0,396 -0,301
11,615 0,241 -0,308
11,632 6,216E-2 -0,305
11,649 -0,140 -0,306
11,666 -0,288 -0,311
11,682 -0,449 -0,311
11,699 -0,601 -0,316
11,716 -0,754 -0,304
11,732 -0,899 -0,298
11,749 -1,037 -0,285
11,766 -1,127 -0,297
11,782 -1,244 -0,298
11,799 -1,331 -0,299
11,816 -1,400 -0,291
11,832 -1,437 -0,303
11,849 -1,522 -0,292
11,866 -1,585 -0,296
11,882 -1,604 -0,299
11,899 -1,602 -0,308
11,916 -1,600 -0,309
11,932 -1,598 -0,310
11,949 -1,582 -0,311
11,966 -1,559 -0,305
11,982 -1,492 -0,323
11,999 -1,416 -0,316
12,016 -1,317 -0,326
12,032 -1,250 -0,331
12,049 -1,132 -0,349
12,066 -1,027 -0,324
12,082 -0,906 -0,328
12,099 -0,761 -0,342
12,116 -0,590 -0,338
12,132 -0,440 -0,375
12,149 -0,260 -0,355
12,166 -8,991E-2 -0,351
12,182 8,310E-2 -0,342
12,199 0,261 -0,366
12,216 0,439 -0,353
12,232 0,643 -0,351
12,249 0,799 -0,343
12,266 0,995 -0,336
12,282 1,170 -0,333
12,299 1,381 -0,345
12,316 1,600 -0,336
12,332 1,794 -0,333
12,349 1,960 -0,336
12,366 2,137 -0,326
12,382 2,305 -0,327
12,399 2,473 -0,326
12,416 2,642 -0,315
12,432 2,800 -0,318
12,449 2,952 -0,323
12,466 3,062 -0,301
12,482 3,163 -0,307
12,499 3,298 -0,310
12,516 3,376 -0,297
12,532 3,471 -0,312
12,549 3,523 -0,301
12,566 3,589 -0,315
12,582 3,651 -0,314
12,599 3,655 -0,311
12,616 3,663 -0,315
12,632 3,662 -0,314
12,649 3,654 -0,315
12,666 3,630 -0,321
12,682 3,582 -0,327
12,699 3,519 -0,323
12,716 3,457 -0,321
12,732 3,343 -0,313
12,749 3,250 -0,322
12,766 3,148 -0,317
12,782 3,000 -0,317
12,799 2,883 -0,295
12,816 2,754 -0,310
12,832 2,606 -0,308
12,849 2,450 -0,310
12,866 2,300 -0,317
12,882 2,123 -0,322
12,899 1,954 -0,324
12,915 1,758 -0,327
12,932 1,584 -0,327
12,949 1,347 -0,304
12,965 1,138 -0,311
12,982 0,952 -0,321
12,999 0,777 -0,315
13,015 0,587 -0,316
13,032 0,421 -0,316
13,049 0,193 -0,312
13,065 6,476E-2 -0,310
13,082 -9,726E-2 -0,313
13,099 -0,257 -0,319
13,115 -0,415 -0,317
13,132 -0,568 -0,313
13,149 -0,723 -0,304
13,165 -0,857 -0,292
13,182 -0,972 -0,305
13,199 -1,072 -0,296
13,215 -1,136 -0,304
13,232 -1,237 -0,290
13,249 -1,298 -0,303
13,265 -1,372 -0,289
13,282 -1,426 -0,308
13,299 -1,452 -0,314
13,315 -1,452 -0,319
13,332 -1,442 -0,318
13,349 -1,432 -0,318
13,365 -1,432 -0,319
13,382 -1,406 -0,317
13,399 -1,334 -0,329
13,415 -1,267 -0,324
13,432 -1,208 -0,320
13,449 -1,095 -0,319
13,465 -1,027 -0,320
13,482 -0,919 -0,329
13,499 -0,778 -0,339
13,515 -0,664 -0,364
13,532 -0,462 -0,352
13,549 -0,287 -0,338
13,565 -0,104 -0,341
13,582 6,670E-2 -0,350
13,599 0,247 -0,362
13,615 0,427 -0,351
13,632 0,595 -0,354
13,649 0,778 -0,356
13,665 0,965 -0,340
13,682 1,145 -0,337
13,699 1,308 -0,342
13,715 1,481 -0,328
13,732 1,676 -0,328
13,749 1,869 -0,333
13,765 2,080 -0,372
13,782 2,274 -0,353
13,799 2,449 -0,356
13,815 2,628 -0,354
13,832 2,780 -0,352
13,849 2,946 -0,346
13,865 3,036 -0,338
13,882 3,150 -0,339
13,899 3,305 -0,329
13,915 3,429 -0,341
13,932 3,500 -0,327
13,949 3,627 -0,333
13,965 3,689 -0,318
13,982 3,714 -0,308
13,999 3,772 -0,321
14,015 3,823 -0,314
14,032 3,823 -0,305
14,049 3,824 -0,312
14,065 3,824 -0,313
14,082 3,801 -0,313
14,099 3,756 -0,324
14,115 3,698 -0,316
14,132 3,637 -0,321
14,149 3,566 -0,316
14,165 3,479 -0,322
14,182 3,340 -0,316
14,199 3,206 -0,311
14,215 3,103 -0,325
14,232 2,970 -0,324
14,249 2,804 -0,319
14,265 2,647 -0,322
14,282 2,475 -0,313
14,299 2,308 -0,314
14,315 2,134 -0,319
14,332 1,957 -0,322
14,349 1,785 -0,321
14,365 1,598 -0,316
14,382 1,438 -0,308
14,399 1,261 -0,316
14,415 1,032 -0,327
14,432 0,889 -0,316
14,449 0,700 -0,322
14,465 0,550 -0,326
14,482 0,394 -0,315
14,499 0,227 -0,312
14,515 6,303E-2 -0,302
14,532 -9,590E-2 -0,303
14,549 -0,250 -0,306
14,565 -0,410 -0,315
14,582 -0,562 -0,317
14,599 -0,694 -0,312
14,615 -0,777 -0,308
14,632 -0,912 -0,310
14,649 -0,977 -0,298
14,665 -1,076 -0,305
14,682 -1,108 -0,304
14,699 -1,146 -0,295
14,715 -1,200 -0,300
14,732 -1,248 -0,289
14,749 -1,251 -0,297
14,765 -1,250 -0,304
14,782 -1,245 -0,312
14,799 -1,164 -0,302
14,815 -1,108 -0,311
14,832 -1,084 -0,321
14,849 -0,984 -0,315
14,865 -0,908 -0,328
14,882 -0,790 -0,332
14,899 -0,735 -0,344
14,915 -0,603 -0,357
14,932 -0,479 -0,356
14,949 -0,348 -0,325
14,965 -0,214 -0,341
14,982 -4,880E-2 -0,336
14,999 0,109 -0,384
15,015 0,268 -0,373
15,032 0,437 -0,363
15,049 0,609 -0,351
15,065 0,782 -0,358
15,082 0,962 -0,348
15,099 1,121 -0,355
15,115 1,312 -0,332
15,132 1,475 -0,330
15,149 1,692 -0,315
15,165 1,836 -0,325
15,182 2,005 -0,325
15,199 2,172 -0,326
15,215 2,345 -0,325
15,232 2,501 -0,323
15,249 2,649 -0,328
15,265 2,817 -0,323
15,282 2,970 -0,328
15,299 3,113 -0,337
15,315 3,209 -0,307
15,332 3,316 -0,323
15,349 3,436 -0,322
15,365 3,503 -0,316
15,382 3,598 -0,328
15,399 3,658 -0,305
15,415 3,676 -0,311
15,432 3,712 -0,308
15,449 3,694 -0,310
15,465 3,694 -0,313
15,482 3,682 -0,307
15,499 3,674 -0,314
15,515 3,654 -0,321
15,532 3,634 -0,327
15,549 3,519 -0,301
15,565 3,464 -0,327
15,582 3,352 -0,316
15,599 3,289 -0,327
15,615 3,161 -0,308
15,632 3,023 -0,308
15,648 2,890 -0,302
15,665 2,702 -0,301
15,682 2,557 -0,318
15,699 2,432 -0,321
15,715 2,277 -0,318
15,732 2,115 -0,327
15,748 1,945 -0,329
15,765 1,782 -0,327
15,782 1,611 -0,329
15,798 1,432 -0,328
15,815 1,219 -0,322
15,832 1,063 -0,326
15,848 0,813 -0,322
15,865 0,619 -0,312
15,882 0,449 -0,314
15,898 0,277 -0,316
15,915 0,107 -0,317
15,932 -6,578E-2 -0,317
15,948 -0,236 -0,319
15,965 -0,387 -0,316
15,982 -0,525 -0,305
15,998 -0,622 -0,316
16,015 -0,757 -0,314
16,032 -0,906 -0,307
16,048 -0,986 -0,312
16,065 -1,078 -0,305
16,082 -1,158 -0,318
16,098 -1,239 -0,306
16,115 -1,265 -0,316
16,132 -1,294 -0,308
16,148 -1,350 -0,302
16,165 -1,381 -0,307
16,182 -1,394 -0,311
16,198 -1,398 -0,311
16,215 -1,373 -0,313
16,232 -1,351 -0,312
16,248 -1,307 -0,326
16,265 -1,237 -0,322
16,282 -1,130 -0,330
16,298 -1,068 -0,326
16,315 -0,941 -0,338
16,332 -0,825 -0,356
16,348 -0,722 -0,328
16,365 -0,591 -0,344
16,382 -0,458 -0,384
16,398 -0,304 -0,390
16,415 -0,102 -0,360
16,432 7,023E-2 -0,364
16,448 0,248 -0,351
16,465 0,428 -0,354
16,482 0,600 -0,351
16,498 0,774 -0,349
16,515 0,947 -0,340
16,532 1,117 -0,343
16,548 1,301 -0,333
16,565 1,463 -0,338
16,582 1,634 -0,335
16,598 1,832 -0,327
16,615 1,995 -0,326
16,632 2,155 -0,327
16,648 2,318 -0,330
16,665 2,483 -0,329
16,682 2,630 -0,330
16,698 2,788 -0,328
16,715 2,910 -0,336
16,732 3,036 -0,317
16,748 3,153 -0,326
16,765 3,238 -0,302
16,782 3,333 -0,316
16,798 3,416 -0,314
16,815 3,502 -0,290
16,832 3,519 -0,298
16,848 3,558 -0,301
16,865 3,573 -0,310
16,882 3,555 -0,309
16,898 3,525 -0,314
16,915 3,508 -0,312
16,932 3,486 -0,313
16,948 3,467 -0,316
16,965 3,406 -0,307
16,982 3,342 -0,309
16,998 3,255 -0,322
17,015 3,161 -0,303
17,032 3,086 -0,324
17,048 2,973 -0,316
17,065 2,825 -0,315
17,082 2,677 -0,312
17,098 2,493 -0,316
17,115 2,357 -0,305
17,132 2,165 -0,310
17,148 1,987 -0,314
17,165 1,811 -0,314
17,182 1,637 -0,315
17,198 1,471 -0,312
17,215 1,288 -0,318
17,232 1,112 -0,320
17,248 0,932 -0,315
17,265 0,750 -0,316
17,282 0,590 -0,321
17,298 0,409 -0,318
17,315 0,251 -0,323
17,332 8,331E-2 -0,324
17,348 -8,455E-2 -0,310
17,365 -0,251 -0,312
17,382 -0,411 -0,304
17,398 -0,559 -0,299
17,415 -0,731 -0,295
17,432 -0,875 -0,282
17,448 -0,957 -0,309
17,465 -1,066 -0,298
17,482 -1,122 -0,305
17,498 -1,228 -0,273
17,515 -1,289 -0,298
17,532 -1,372 -0,275
17,548 -1,416 -0,290
17,565 -1,434 -0,303
17,582 -1,433 -0,309
17,598 -1,443 -0,306
17,615 -1,438 -0,309
17,632 -1,424 -0,307
17,648 -1,421 -0,308
17,665 -1,342 -0,327
17,682 -1,250 -0,318
17,698 -1,163 -0,331
17,715 -1,088 -0,326
17,732 -0,998 -0,334
17,748 -0,886 -0,318
17,765 -0,771 -0,329
17,782 -0,622 -0,345
17,798 -0,508 -0,322
17,815 -0,397 -0,329
17,832 -0,235 -0,336
17,848 -5,869E-2 -0,334
17,865 0,109 -0,338
17,882 0,272 -0,336
17,898 0,441 -0,347
17,915 0,608 -0,342
17,932 0,780 -0,340
17,948 0,959 -0,339
17,965 1,126 -0,344
17,982 1,339 -0,337
17,998 1,487 -0,336
18,015 1,660 -0,325
18,032 1,818 -0,326
18,048 1,985 -0,325
18,065 2,156 -0,324
18,082 2,308 -0,327
18,098 2,480 -0,320
18,115 2,639 -0,318
18,132 2,783 -0,323
18,148 2,891 -0,313
18,165 2,987 -0,315
18,182 3,128 -0,323
18,198 3,203 -0,288
18,215 3,310 -0,322
18,232 3,337 -0,308
18,248 3,393 -0,301
18,265 3,464 -0,316
18,282 3,493 -0,315
18,298 3,494 -0,320
18,315 3,497 -0,315
18,332 3,493 -0,317
18,348 3,477 -0,318
18,365 3,460 -0,319
18,382 3,356 -0,310
18,398 3,317 -0,314
18,415 3,258 -0,317
18,432 3,172 -0,315
18,448 3,098 -0,324
18,465 2,971 -0,323
18,482 2,818 -0,321
18,498 2,680 -0,320
18,515 2,547 -0,317
18,532 2,347 -0,318
18,548 2,186 -0,316
18,565 2,003 -0,315
18,582 1,824 -0,316
18,598 1,653 -0,310
18,615 1,481 -0,304
18,632 1,308 -0,305
18,648 1,144 -0,303
18,665 0,963 -0,308
18,682 0,790 -0,301
18,698 0,603 -0,307
18,715 0,432 -0,313
18,732 0,262 -0,304
18,748 9,266E-2 -0,303
18,765 -7,274E-2 -0,308
18,782 -0,237 -0,312
18,798 -0,405 -0,309
18,815 -0,539 -0,294
18,832 -0,684 -0,292
18,848 -0,831 -0,304
18,865 -0,917 -0,306
18,882 -1,039 -0,291
18,898 -1,102 -0,304
18,915 -1,209 -0,292
18,932 -1,266 -0,301
18,948 -1,294 -0,301
18,965 -1,391 -0,289
18,982 -1,426 -0,303
18,998 -1,426 -0,306
19,015 -1,427 -0,306
19,032 -1,425 -0,311
19,048 -1,427 -0,312
19,065 -1,415 -0,304
19,082 -1,397 -0,308
19,098 -1,309 -0,318
19,115 -1,255 -0,320
19,132 -1,126 -0,335
19,148 -1,063 -0,315
19,165 -0,968 -0,364
19,182 -0,879 -0,325
19,198 -0,755 -0,334
19,215 -0,625 -0,369
19,231 -0,478 -0,365
19,248 -0,288 -0,358
19,265 -0,158 -0,346
19,281 -2,203E-2 -0,340
19,298 0,124 -0,337
19,315 0,290 -0,347
19,331 0,466 -0,348
19,348 0,626 -0,345
19,365 0,798 -0,338
19,381 0,981 -0,327
19,398 1,170 -0,323
19,415 1,324 -0,317
19,431 1,482 -0,323
19,448 1,652 -0,326
19,465 1,821 -0,328
19,481 1,991 -0,328
19,498 2,148 -0,327
19,515 2,315 -0,326
19,531 2,466 -0,333
19,548 2,611 -0,343
19,565 2,718 -0,297
19,581 2,831 -0,299
19,598 2,966 -0,311
19,615 3,050 -0,280
19,631 3,146 -0,294
19,648 3,201 -0,296
19,665 3,282 -0,325
19,681 3,329 -0,313
19,698 3,348 -0,293
19,715 3,354 -0,288
19,731 3,350 -0,299
19,748 3,346 -0,302
19,765 3,334 -0,320
19,781 3,323 -0,323
19,798 3,300 -0,322
19,815 3,204 -0,283
19,831 3,148 -0,317
19,848 3,080 -0,315
19,865 2,984 -0,315
19,881 2,848 -0,299
19,898 2,713 -0,280
19,915 2,613 -0,331
19,931 2,479 -0,315
19,948 2,320 -0,314
19,965 2,160 -0,298
19,981 1,998 -0,302
19,998 1,843 -0,289
20,015 1,663 -0,297
20,031 1,485 -0,300
20,048 1,311 -0,305
20,065 1,139 -0,307
20,081 0,964 -0,310
20,098 0,796 -0,307
20,115 0,619 -0,311
20,131 0,447 -0,311
20,148 0,278 -0,310
20,165 0,105 -0,310
20,181 -6,079E-2 -0,306
20,198 -0,231 -0,309
20,215 -0,383 -0,289
20,231 -0,538 -0,285
20,248 -0,691 -0,269
20,265 -0,783 -0,297
20,281 -0,899 -0,288
20,298 -1,035 -0,278
20,315 -1,114 -0,305
20,331 -1,222 -0,291
20,348 -1,269 -0,305
20,365 -1,359 -0,277
20,381 -1,408 -0,307
20,398 -1,431 -0,315
20,415 -1,463 -0,316
20,431 -1,455 -0,318
20,448 -1,452 -0,319
20,465 -1,445 -0,321
20,481 -1,425 -0,311
20,498 -1,412 -0,308
20,515 -1,382 -0,294
20,531 -1,353 -0,282
20,548 -1,252 -0,310
20,565 -1,192 -0,285
20,581 -1,079 -0,315
20,598 -1,010 -0,270
20,615 -0,885 -0,307
20,631 -0,742 -0,328
20,648 -0,599 -0,348
20,665 -0,499 -0,277
20,681 -0,345 -0,290
20,698 -0,199 -0,312
20,715 -3,808E-2 -0,312
20,731 0,128 -0,316
20,748 0,297 -0,317
20,765 0,464 -0,318
20,781 0,642 -0,310
20,798 0,813 -0,308
20,815 0,981 -0,309
20,831 1,162 -0,299
20,848 1,332 -0,300
20,865 1,494 -0,304
20,881 1,671 -0,298
20,898 1,836 -0,301
20,915 2,001 -0,304
20,931 2,163 -0,304
20,948 2,316 -0,320
20,965 2,479 -0,322
20,981 2,618 -0,342
20,998 2,746 -0,334
21,015 2,843 -0,300
21,031 2,973 -0,346
21,048 3,032 -0,290
21,065 3,133 -0,340
21,081 3,168 -0,302
21,098 3,192 -0,283
21,115 3,238 -0,335
21,131 3,309 -0,316
21,148 3,327 -0,316
21,165 3,327 -0,316
21,181 3,323 -0,313
21,198 3,290 -0,326
21,215 3,227 -0,269
21,231 3,172 -0,300
21,248 3,139 -0,322
21,265 3,023 -0,280
21,281 2,970 -0,323
21,298 2,858 -0,280
21,315 2,736 -0,336
21,331 2,644 -0,316
21,348 2,495 -0,304
21,365 2,350 -0,284
21,381 2,192 -0,284
21,398 2,022 -0,278
21,415 1,850 -0,280
21,431 1,664 -0,286
21,448 1,488 -0,293
21,465 1,314 -0,293
21,481 1,142 -0,296
21,498 0,970 -0,299
21,515 0,800 -0,301
21,531 0,630 -0,305
21,548 0,461 -0,303
21,565 0,290 -0,304
21,581 0,125 -0,300
21,598 -4,463E-2 -0,299
21,615 -0,212 -0,295
21,631 -0,383 -0,298
21,648 -0,526 -0,275
21,665 -0,674 -0,254
21,681 -0,752 -0,297
21,698 -0,893 -0,302
21,715 -1,035 -0,276
21,731 -1,091 -0,299
21,748 -1,214 -0,290
21,765 -1,257 -0,303
21,781 -1,378 -0,281
21,798 -1,403 -0,295
21,815 -1,424 -0,300
21,831 -1,465 -0,292
21,848 -1,483 -0,305
21,865 -1,452 -0,308
21,881 -1,447 -0,315
21,898 -1,429 -0,308
21,915 -1,415 -0,314
21,931 -1,393 -0,299
21,948 -1,349 -0,280
21,965 -1,257 -0,332
21,981 -1,209 -0,293
21,998 -1,090 -0,330
22,015 -1,031 -0,292
22,031 -0,821 -0,321
22,048 -0,436 -0,160
22,065 -0,292 -4,475E-2
