t x y
0,000 -0,116 -0,233
0,021 -0,102 -0,218
0,038 -9,906E-2 -0,218
0,054 -5,351E-2 -0,172
0,071 8,881E-4 -0,247
0,088 6,858E-2 -0,215
0,104 0,187 -0,236
0,121 0,240 -0,214
0,138 0,349 -0,237
0,154 0,408 -0,213
0,171 0,505 -0,266
0,188 0,573 -0,221
0,204 0,690 -0,238
0,221 0,755 -0,228
0,238 0,854 -0,263
0,254 0,930 -0,221
0,271 1,053 -0,255
0,288 1,125 -0,210
0,304 1,225 -0,246
0,321 1,293 -0,221
0,338 1,405 -0,240
0,354 1,479 -0,219
0,371 1,583 -0,246
0,388 1,607 -0,244
0,404 1,717 -0,268
0,421 1,758 -0,246
0,438 1,851 -0,289
0,454 1,932 -0,242
0,471 1,949 -0,232
0,488 1,968 -0,225
0,504 2,013 -0,225
0,521 2,040 -0,263
0,538 2,093 -0,244
0,554 2,094 -0,254
0,571 2,089 -0,252
0,588 2,094 -0,252
0,604 2,096 -0,249
0,621 2,086 -0,248
0,638 2,078 -0,259
0,654 2,030 -0,281
0,671 2,031 -0,292
0,688 1,967 -0,244
0,704 1,921 -0,260
0,721 1,866 -0,305
0,738 1,804 -0,243
0,754 1,778 -0,332
0,771 1,628 -0,250
0,788 1,573 -0,272
0,804 1,463 -0,248
0,821 1,385 -0,303
0,838 1,281 -0,253
0,854 1,205 -0,297
0,871 1,084 -0,247
0,888 1,007 -0,285
0,904 0,926 -0,245
0,921 0,851 -0,265
0,938 0,760 -0,236
0,954 0,660 -0,255
0,971 0,550 -0,256
0,988 0,501 -0,262
1,004 0,395 -0,244
1,021 0,313 -0,278
1,038 0,228 -0,239
1,054 0,153 -0,275
1,071 0,126 -0,221
1,088 3,390E-2 -0,259
1,104 1,517E-2 -0,258
1,121 -7,464E-2 -0,235
1,138 -0,113 -0,236
1,154 -0,126 -0,235
1,171 -0,124 -0,236
1,188 -0,132 -0,240
1,204 -0,140 -0,247
1,221 -0,134 -0,245
1,238 -0,129 -0,233
1,254 -0,137 -0,246
1,271 -0,128 -0,241
1,288 -0,116 -0,230
1,304 -0,102 -0,217
1,321 -8,505E-2 -0,203
1,338 -4,971E-2 -0,201
1,354 -2,570E-2 -0,256
1,371 6,806E-2 -0,219
1,388 9,421E-2 -0,206
1,404 0,170 -0,231
1,421 0,272 -0,202
1,438 0,340 -0,248
1,454 0,415 -0,221
1,471 0,543 -0,239
1,488 0,612 -0,211
1,504 0,716 -0,242
1,521 0,766 -0,230
1,538 0,889 -0,243
1,554 0,981 -0,226
1,571 1,057 -0,253
1,588 1,176 -0,261
1,604 1,263 -0,236
1,621 1,371 -0,256
1,638 1,454 -0,221
1,654 1,557 -0,243
1,671 1,610 -0,226
1,688 1,665 -0,225
1,704 1,738 -0,244
1,721 1,777 -0,230
1,738 1,885 -0,270
1,754 1,921 -0,242
1,771 1,960 -0,232
1,788 1,972 -0,228
1,804 2,033 -0,267
1,821 2,075 -0,250
1,838 2,095 -0,245
1,854 2,094 -0,248
1,871 2,092 -0,247
1,888 2,091 -0,255
1,904 2,092 -0,253
1,921 2,084 -0,273
1,938 2,053 -0,266
1,954 2,002 -0,248
1,971 1,936 -0,259
1,988 1,908 -0,273
2,004 1,899 -0,264
2,021 1,780 -0,263
2,038 1,729 -0,262
2,054 1,652 -0,238
2,071 1,575 -0,270
2,088 1,483 -0,250
2,104 1,398 -0,270
2,121 1,323 -0,244
2,138 1,234 -0,273
2,154 1,132 -0,246
2,171 1,038 -0,264
2,188 0,931 -0,242
2,204 0,809 -0,238
2,221 0,729 -0,252
2,238 0,620 -0,233
2,254 0,542 -0,243
2,271 0,431 -0,235
2,288 0,381 -0,237
2,304 0,311 -0,259
2,321 0,226 -0,235
2,338 0,198 -0,238
2,354 8,196E-2 -0,208
2,371 3,662E-2 -0,240
2,388 -2,920E-2 -0,255
2,404 -9,138E-2 -0,235
2,421 -0,112 -0,234
2,437 -0,129 -0,239
2,454 -0,143 -0,241
2,471 -0,131 -0,239
2,488 -0,152 -0,251
2,504 -0,155 -0,249
2,521 -0,139 -0,241
2,538 -0,137 -0,236
2,554 -0,118 -0,230
2,571 -0,117 -0,227
2,588 -9,878E-2 -0,216
2,604 -5,255E-2 -0,210
2,621 5,614E-3 -0,230
2,638 6,044E-2 -0,208
2,654 7,223E-2 -0,208
2,671 0,146 -0,240
2,688 0,261 -0,204
2,704 0,324 -0,246
2,721 0,399 -0,209
2,738 0,454 -0,191
2,754 0,543 -0,227
2,771 0,617 -0,200
2,788 0,735 -0,220
2,804 0,837 -0,251
2,821 0,931 -0,223
2,838 1,034 -0,249
2,854 1,109 -0,228
2,871 1,224 -0,237
2,888 1,267 -0,225
2,904 1,384 -0,243
2,921 1,451 -0,222
2,938 1,563 -0,254
2,954 1,617 -0,232
2,971 1,642 -0,241
2,988 1,736 -0,262
3,004 1,823 -0,225
3,021 1,881 -0,279
3,038 1,925 -0,255
3,054 1,952 -0,234
3,071 1,972 -0,232
3,088 1,999 -0,229
3,104 1,975 -0,232
3,121 2,030 -0,258
3,138 2,066 -0,253
3,154 2,080 -0,252
3,171 2,084 -0,254
3,188 2,091 -0,248
3,204 2,074 -0,266
3,221 2,032 -0,268
3,238 1,976 -0,242
3,254 1,944 -0,249
3,271 1,913 -0,257
3,288 1,876 -0,278
3,304 1,822 -0,251
3,321 1,744 -0,266
3,338 1,626 -0,240
3,354 1,583 -0,259
3,371 1,525 -0,286
3,388 1,438 -0,249
3,404 1,332 -0,244
3,421 1,246 -0,253
3,437 1,171 -0,287
3,454 1,085 -0,247
3,471 0,956 -0,241
3,487 0,883 -0,266
3,504 0,779 -0,245
3,521 0,717 -0,252
3,537 0,633 -0,229
3,554 0,538 -0,267
3,571 0,444 -0,238
3,587 0,371 -0,254
3,604 0,265 -0,240
3,621 0,215 -0,239
3,637 0,122 -0,241
3,654 5,753E-2 -0,236
3,671 3,366E-2 -0,242
3,687 -1,263E-2 -0,237
3,704 -9,753E-2 -0,229
3,721 -0,124 -0,238
3,737 -0,139 -0,241
3,754 -0,130 -0,225
3,771 -0,125 -0,225
3,787 -0,123 -0,228
3,804 -0,134 -0,229
3,821 -0,131 -0,223
3,837 -0,123 -0,221
3,854 -0,110 -0,213
3,871 -0,104 -0,219
3,887 -3,991E-2 -0,196
3,904 -2,209E-2 -0,242
3,921 5,062E-2 -0,223
3,937 7,063E-2 -0,218
3,954 0,199 -0,228
3,971 0,229 -0,231
3,987 0,270 -0,215
4,004 0,371 -0,243
4,021 0,411 -0,226
4,037 0,523 -0,246
4,054 0,605 -0,210
4,071 0,687 -0,246
4,087 0,774 -0,224
4,104 0,897 -0,231
4,121 0,975 -0,206
4,137 1,063 -0,237
4,154 1,124 -0,224
4,171 1,228 -0,237
4,187 1,294 -0,208
4,204 1,388 -0,248
4,221 1,472 -0,214
4,237 1,510 -0,268
4,254 1,597 -0,232
4,271 1,610 -0,239
4,287 1,716 -0,260
4,304 1,760 -0,237
4,321 1,771 -0,237
4,337 1,798 -0,240
4,354 1,888 -0,267
4,371 1,926 -0,249
4,387 1,938 -0,242
4,404 1,938 -0,245
4,421 1,960 -0,241
4,437 1,952 -0,244
4,454 1,941 -0,254
4,471 1,940 -0,249
4,487 1,916 -0,271
4,504 1,920 -0,259
4,521 1,879 -0,285
4,537 1,849 -0,300
4,554 1,790 -0,253
4,571 1,761 -0,251
4,587 1,703 -0,294
4,604 1,624 -0,257
4,621 1,569 -0,274
4,637 1,473 -0,248
4,654 1,407 -0,270
4,671 1,355 -0,286
4,687 1,271 -0,244
4,704 1,191 -0,276
4,721 1,082 -0,244
4,737 1,008 -0,271
4,754 0,924 -0,247
4,771 0,827 -0,294
4,787 0,742 -0,256
4,804 0,675 -0,271
4,821 0,580 -0,235
4,837 0,510 -0,257
4,854 0,428 -0,239
4,871 0,330 -0,278
4,887 0,264 -0,226
4,904 0,208 -0,232
4,921 0,182 -0,238
4,937 0,151 -0,243
4,954 8,717E-2 -0,225
4,971 4,265E-2 -0,228
4,987 1,161E-2 -0,241
5,004 -0,102 -0,289
5,021 -0,108 -0,230
5,037 -9,399E-2 -0,201
5,054 -9,732E-2 -0,218
5,071 -9,906E-2 -0,219
5,087 -0,103 -0,224
5,104 -0,102 -0,228
5,121 -0,105 -0,224
5,137 -9,072E-2 -0,211
5,154 -7,552E-2 -0,196
5,171 -4,023E-2 -0,199
5,187 6,113E-3 -0,235
5,204 4,903E-2 -0,235
5,221 9,258E-2 -0,218
5,237 0,166 -0,250
5,254 0,221 -0,237
5,271 0,260 -0,203
5,287 0,330 -0,237
5,304 0,423 -0,224
5,321 0,523 -0,254
5,337 0,582 -0,226
5,354 0,693 -0,244
5,371 0,778 -0,216
5,387 0,888 -0,241
5,404 0,930 -0,229
5,421 1,051 -0,249
5,437 1,135 -0,211
5,454 1,208 -0,275
5,471 1,288 -0,229
5,487 1,386 -0,243
5,504 1,431 -0,226
5,521 1,600 -0,211
5,537 1,706 -0,258
5,554 1,761 -0,226
5,571 1,795 -0,214
5,587 1,828 -0,214
5,604 1,905 -0,252
5,621 1,935 -0,241
5,637 1,956 -0,235
5,654 1,983 -0,230
5,671 2,000 -0,230
5,687 2,018 -0,292
5,704 2,061 -0,273
5,721 2,080 -0,255
5,737 2,081 -0,255
5,754 2,083 -0,254
5,771 2,070 -0,268
5,787 2,101 -0,332
5,804 1,957 -0,261
5,821 1,920 -0,264
5,837 1,923 -0,257
5,854 1,801 -0,245
5,871 1,758 -0,251
5,887 1,699 -0,293
5,904 1,657 -0,238
5,921 1,564 -0,270
5,937 1,490 -0,239
5,954 1,414 -0,253
5,971 1,310 -0,234
5,987 1,240 -0,254
6,004 1,188 -0,274
6,021 1,097 -0,234
6,037 1,033 -0,262
6,054 0,934 -0,237
6,071 0,870 -0,259
6,087 0,757 -0,241
6,104 0,702 -0,257
6,121 0,597 -0,226
6,137 0,522 -0,251
6,154 0,412 -0,233
6,171 0,354 -0,256
6,187 0,278 -0,229
6,204 0,213 -0,250
6,221 0,203 -0,249
6,237 0,115 -0,229
6,254 5,249E-2 -0,239
6,271 5,002E-2 -0,237
6,287 4,639E-2 -0,230
6,304 7,438E-3 -0,250
6,321 2,793E-2 -0,238
6,337 1,639E-2 -0,241
6,354 6,523E-3 -0,250
6,371 2,025E-2 -0,247
6,387 3,842E-2 -0,234
6,404 4,955E-2 -0,225
6,421 5,682E-2 -0,229
6,437 7,175E-2 -0,206
6,454 8,580E-2 -0,204
6,471 0,168 -0,229
6,487 0,217 -0,228
6,504 0,244 -0,207
6,521 0,337 -0,243
6,537 0,398 -0,222
6,554 0,433 -0,216
6,571 0,534 -0,251
6,587 0,599 -0,227
6,604 0,692 -0,260
6,621 0,761 -0,229
6,637 0,860 -0,267
6,654 0,948 -0,223
6,671 1,059 -0,238
6,687 1,124 -0,220
6,704 1,248 -0,223
6,721 1,296 -0,202
6,737 1,392 -0,238
6,754 1,465 -0,205
6,771 1,576 -0,224
6,787 1,630 -0,210
6,804 1,734 -0,238
6,821 1,767 -0,227
6,837 1,806 -0,223
6,854 1,895 -0,242
6,871 1,939 -0,231
6,887 1,950 -0,227
6,904 1,965 -0,223
6,921 2,008 -0,225
6,937 2,030 -0,263
6,954 2,096 -0,238
6,970 2,099 -0,238
6,987 2,093 -0,263
7,004 2,108 -0,246
7,021 2,105 -0,248
7,037 2,104 -0,246
7,054 2,093 -0,257
7,070 2,060 -0,277
7,087 2,039 -0,269
7,104 1,959 -0,245
7,120 1,922 -0,257
7,137 1,895 -0,277
7,154 1,878 -0,303
7,170 1,766 -0,254
7,187 1,735 -0,272
7,204 1,661 -0,248
7,221 1,583 -0,250
7,237 1,546 -0,273
7,254 1,438 -0,246
7,270 1,374 -0,269
7,287 1,254 -0,246
7,304 1,202 -0,256
7,320 1,088 -0,240
7,337 1,044 -0,251
7,354 0,931 -0,234
7,370 0,858 -0,258
7,387 0,813 -0,238
7,404 0,709 -0,242
7,420 0,624 -0,227
7,437 0,562 -0,234
7,454 0,524 -0,249
7,470 0,449 -0,225
7,487 0,379 -0,249
7,504 0,303 -0,227
7,520 0,246 -0,223
7,537 0,212 -0,237
7,554 0,174 -0,247
7,570 0,183 -0,238
7,587 0,192 -0,232
7,604 0,173 -0,240
7,620 0,190 -0,230
7,637 0,205 -0,232
7,654 0,207 -0,235
7,670 0,214 -0,229
7,687 0,211 -0,232
7,704 0,224 -0,228
7,720 0,225 -0,228
7,737 0,240 -0,218
7,754 0,270 -0,189
7,770 0,310 -0,241
7,787 0,401 -0,208
7,804 0,406 -0,207
7,820 0,510 -0,233
7,837 0,576 -0,212
7,854 0,643 -0,186
7,870 0,729 -0,220
7,887 0,800 -0,207
7,904 0,867 -0,234
7,920 0,949 -0,191
7,937 1,050 -0,227
7,954 1,101 -0,220
7,970 1,199 -0,250
7,987 1,272 -0,222
8,004 1,403 -0,225
8,020 1,414 -0,238
8,037 1,468 -0,221
8,054 1,552 -0,252
8,070 1,578 -0,251
8,087 1,662 -0,221
8,104 1,700 -0,267
8,120 1,775 -0,233
8,137 1,823 -0,224
8,154 1,853 -0,282
8,170 1,916 -0,254
8,187 1,944 -0,238
8,204 1,965 -0,237
8,220 2,008 -0,234
8,237 2,028 -0,291
8,254 2,060 -0,269
8,270 2,078 -0,262
8,287 2,083 -0,266
8,304 2,088 -0,257
8,320 2,088 -0,258
8,337 2,070 -0,283
8,354 2,030 -0,311
8,370 1,963 -0,260
8,387 1,920 -0,265
8,404 1,911 -0,273
8,420 1,860 -0,292
8,437 1,775 -0,248
8,454 1,752 -0,245
8,470 1,683 -0,272
8,487 1,602 -0,244
8,504 1,550 -0,264
8,520 1,443 -0,248
8,537 1,398 -0,249
8,554 1,300 -0,240
8,570 1,223 -0,256
8,587 1,200 -0,263
8,604 1,093 -0,243
8,620 0,981 -0,243
8,637 0,894 -0,254
8,654 0,785 -0,244
8,670 0,718 -0,251
8,687 0,644 -0,222
8,704 0,549 -0,250
8,720 0,485 -0,281
8,737 0,412 -0,241
8,754 0,337 -0,270
8,770 0,284 -0,223
8,787 0,242 -0,231
8,804 0,213 -0,244
8,820 0,166 -0,250
8,837 0,152 -0,254
8,854 0,136 -0,213
8,870 6,328E-2 -0,229
8,887 4,693E-2 -0,232
8,904 5,768E-2 -0,230
8,920 5,860E-2 -0,224
8,937 6,022E-2 -0,220
8,954 5,582E-2 -0,221
8,970 5,419E-2 -0,219
8,987 6,338E-2 -0,221
9,004 0,126 -0,195
9,020 0,118 -0,205
9,037 0,126 -0,206
9,054 0,202 -0,231
9,070 0,241 -0,210
9,087 0,259 -0,214
9,104 0,362 -0,225
9,120 0,474 -0,172
9,137 0,537 -0,231
9,154 0,606 -0,199
9,170 0,642 -0,196
9,187 0,728 -0,229
9,204 0,786 -0,208
9,220 0,874 -0,249
9,237 0,983 -0,212
9,254 1,057 -0,234
9,270 1,089 -0,227
9,287 1,199 -0,233
9,304 1,252 -0,245
9,320 1,356 -0,230
9,337 1,440 -0,213
9,354 1,492 -0,196
9,370 1,568 -0,241
9,387 1,621 -0,222
9,404 1,689 -0,262
9,420 1,759 -0,236
9,437 1,785 -0,223
9,454 1,806 -0,235
9,470 1,890 -0,260
9,487 1,930 -0,246
9,504 1,946 -0,240
9,520 1,953 -0,236
9,537 1,967 -0,233
9,553 1,965 -0,239
9,570 1,962 -0,237
9,587 1,954 -0,239
9,603 1,946 -0,239
9,620 1,931 -0,256
9,637 1,915 -0,253
9,654 1,901 -0,269
9,670 1,851 -0,278
9,687 1,799 -0,255
9,704 1,752 -0,263
9,720 1,696 -0,273
9,737 1,641 -0,248
9,753 1,595 -0,251
9,770 1,565 -0,257
9,787 1,471 -0,243
9,803 1,420 -0,237
9,820 1,336 -0,296
9,837 1,273 -0,236
9,853 1,205 -0,258
9,870 1,110 -0,245
9,887 1,035 -0,267
9,903 0,945 -0,228
9,920 0,870 -0,256
9,937 0,779 -0,239
9,953 0,712 -0,258
9,970 0,621 -0,238
9,987 0,565 -0,239
10,003 0,452 -0,216
10,020 0,371 -0,258
10,037 0,343 -0,268
10,053 0,251 -0,225
10,070 0,217 -0,239
10,087 0,161 -0,257
10,103 0,119 -0,222
10,120 6,877E-2 -0,226
10,137 4,692E-2 -0,233
10,153 5,298E-2 -0,226
10,170 3,995E-2 -0,234
10,187 3,592E-2 -0,249
10,203 4,255E-2 -0,244
10,220 5,193E-2 -0,230
10,237 5,198E-2 -0,234
10,253 5,152E-2 -0,235
10,270 7,307E-2 -0,215
10,287 6,305E-2 -0,223
10,303 8,559E-2 -0,208
10,320 0,117 -0,205
10,337 0,185 -0,234
10,353 0,234 -0,218
10,370 0,252 -0,223
10,387 0,377 -0,217
10,403 0,421 -0,212
10,420 0,495 -0,236
10,437 0,589 -0,208
10,453 0,637 -0,203
10,470 0,721 -0,232
10,487 0,778 -0,222
10,503 0,880 -0,249
10,520 0,926 -0,232
10,537 1,051 -0,239
10,553 1,101 -0,222
10,570 1,171 -0,260
10,587 1,265 -0,226
10,603 1,290 -0,220
10,620 1,401 -0,242
10,637 1,477 -0,218
10,653 1,550 -0,257
10,670 1,616 -0,214
10,687 1,628 -0,218
10,703 1,706 -0,257
10,720 1,756 -0,242
10,737 1,775 -0,233
10,753 1,799 -0,228
10,770 1,882 -0,258
10,787 1,924 -0,242
10,803 1,928 -0,241
10,820 1,941 -0,238
10,837 1,938 -0,238
10,853 1,942 -0,241
10,870 1,941 -0,242
10,887 1,942 -0,239
10,903 1,924 -0,260
10,920 1,884 -0,289
10,937 1,877 -0,274
10,953 1,823 -0,244
10,970 1,760 -0,260
10,987 1,737 -0,263
11,003 1,709 -0,282
11,020 1,664 -0,248
11,037 1,584 -0,268
11,053 1,545 -0,279
11,070 1,471 -0,236
11,087 1,398 -0,250
11,103 1,355 -0,263
11,120 1,259 -0,245
11,137 1,181 -0,267
11,153 1,092 -0,249
11,170 1,026 -0,258
11,187 0,959 -0,237
11,203 0,897 -0,244
11,220 0,777 -0,251
11,237 0,706 -0,274
11,253 0,621 -0,239
11,270 0,551 -0,250
11,287 0,464 -0,235
11,303 0,390 -0,246
11,320 0,327 -0,256
11,337 0,277 -0,225
11,353 0,226 -0,234
11,370 0,209 -0,246
11,387 0,201 -0,244
11,403 0,131 -0,220
11,420 5,892E-2 -0,238
11,437 5,962E-2 -0,230
11,453 4,672E-2 -0,240
11,470 2,925E-2 -0,244
11,487 4,056E-2 -0,239
11,503 4,015E-2 -0,238
11,520 4,617E-2 -0,234
11,537 4,904E-2 -0,222
11,553 8,553E-2 -0,184
11,570 7,834E-2 -0,213
11,587 0,127 -0,164
11,603 0,171 -0,224
11,620 0,202 -0,226
11,637 0,232 -0,213
11,653 0,282 -0,213
11,670 0,347 -0,249
11,687 0,414 -0,220
11,703 0,462 -0,217
11,720 0,556 -0,232
11,737 0,617 -0,214
11,753 0,707 -0,238
11,770 0,760 -0,224
11,787 0,856 -0,254
11,803 0,940 -0,226
11,820 1,017 -0,247
11,837 1,089 -0,232
11,853 1,206 -0,241
11,870 1,252 -0,221
11,887 1,339 -0,253
11,903 1,430 -0,224
11,920 1,499 -0,212
11,937 1,541 -0,253
11,953 1,590 -0,233
11,970 1,636 -0,228
11,987 1,707 -0,267
12,003 1,760 -0,241
12,020 1,789 -0,231
12,037 1,803 -0,229
12,053 1,854 -0,272
12,070 1,903 -0,267
12,087 1,909 -0,267
12,103 1,930 -0,248
12,120 1,931 -0,242
12,137 1,929 -0,243
12,153 1,932 -0,241
12,170 1,932 -0,238
12,187 1,933 -0,248
12,203 1,907 -0,266
12,220 1,914 -0,269
12,237 1,870 -0,293
12,253 1,831 -0,245
12,270 1,764 -0,259
12,287 1,733 -0,265
12,303 1,632 -0,253
12,320 1,583 -0,262
12,337 1,523 -0,285
12,353 1,463 -0,246
12,370 1,376 -0,282
12,387 1,279 -0,252
12,403 1,213 -0,262
12,420 1,105 -0,239
12,437 1,066 -0,247
12,453 1,033 -0,258
12,470 0,914 -0,245
12,487 0,867 -0,262
12,503 0,764 -0,230
12,520 0,716 -0,252
12,537 0,643 -0,229
12,553 0,567 -0,237
12,570 0,534 -0,245
12,587 0,435 -0,235
12,603 0,383 -0,232
12,620 0,284 -0,223
12,637 0,211 -0,223
12,653 0,178 -0,238
12,670 0,160 -0,242
12,687 0,109 -0,216
12,703 7,816E-2 -0,227
12,720 5,800E-2 -0,236
12,737 6,244E-2 -0,230
12,753 4,289E-2 -0,238
12,770 4,587E-2 -0,237
12,787 5,356E-2 -0,220
12,803 6,429E-2 -0,215
12,820 6,601E-2 -0,208
12,837 8,297E-2 -0,206
12,853 7,798E-2 -0,207
12,870 9,479E-2 -0,203
12,887 0,175 -0,226
12,903 0,221 -0,218
12,920 0,241 -0,212
12,937 0,302 -0,180
12,953 0,378 -0,219
12,970 0,411 -0,216
12,987 0,428 -0,213
13,003 0,551 -0,220
13,020 0,566 -0,234
13,037 0,689 -0,249
13,053 0,752 -0,219
13,070 0,867 -0,248
13,087 0,909 -0,229
13,103 1,009 -0,252
13,120 1,087 -0,228
13,137 1,181 -0,251
13,153 1,261 -0,234
13,170 1,332 -0,214
13,187 1,380 -0,243
13,203 1,439 -0,223
13,220 1,507 -0,254
13,237 1,590 -0,233
13,253 1,624 -0,213
13,270 1,652 -0,204
13,286 1,702 -0,248
13,303 1,748 -0,236
13,320 1,769 -0,232
13,336 1,786 -0,227
13,353 1,805 -0,228
13,370 1,831 -0,219
13,386 1,805 -0,224
13,403 1,790 -0,228
13,420 1,792 -0,233
13,437 1,785 -0,236
13,453 1,775 -0,238
13,470 1,769 -0,246
13,487 1,755 -0,251
13,503 1,758 -0,252
13,520 1,731 -0,274
13,537 1,712 -0,281
13,553 1,613 -0,262
13,570 1,570 -0,278
13,586 1,534 -0,301
13,603 1,457 -0,243
13,620 1,414 -0,257
13,636 1,341 -0,277
13,653 1,263 -0,273
13,670 1,204 -0,285
13,687 1,139 -0,245
13,703 1,053 -0,268
13,720 0,955 -0,245
13,737 0,889 -0,253
13,753 0,803 -0,242
13,770 0,747 -0,243
13,787 0,697 -0,257
13,803 0,591 -0,259
13,820 0,526 -0,260
13,836 0,483 -0,270
13,853 0,439 -0,226
13,870 0,374 -0,250
13,886 0,302 -0,225
13,903 0,228 -0,237
13,920 0,211 -0,240
13,937 0,174 -0,253
13,953 0,110 -0,226
13,970 5,898E-2 -0,225
13,987 3,876E-2 -0,235
14,003 4,031E-2 -0,227
14,020 1,454E-2 -0,235
14,037 3,356E-2 -0,229
14,053 4,075E-2 -0,228
14,070 4,827E-2 -0,226
14,086 5,516E-2 -0,216
14,103 6,338E-2 -0,208
14,120 6,693E-2 -0,203
14,136 8,093E-2 -0,191
14,153 8,192E-2 -0,201
14,170 9,855E-2 -0,207
14,187 0,149 -0,242
14,203 0,225 -0,218
14,220 0,278 -0,189
14,237 0,309 -0,190
14,253 0,369 -0,213
14,270 0,411 -0,224
14,287 0,486 -0,242
14,303 0,576 -0,227
14,320 0,652 -0,250
14,336 0,741 -0,230
14,353 0,834 -0,255
14,370 0,917 -0,246
14,386 0,943 -0,226
14,403 1,055 -0,245
14,420 1,106 -0,234
14,436 1,204 -0,260
14,453 1,251 -0,232
14,470 1,317 -0,214
14,486 1,334 -0,265
14,503 1,433 -0,225
14,520 1,473 -0,229
14,536 1,559 -0,265
14,553 1,597 -0,239
14,570 1,633 -0,232
14,586 1,653 -0,230
14,603 1,717 -0,262
14,620 1,764 -0,251
14,636 1,776 -0,241
14,653 1,776 -0,240
14,670 1,777 -0,236
14,686 1,777 -0,236
14,703 1,781 -0,237
14,720 1,779 -0,242
14,736 1,780 -0,239
14,753 1,763 -0,257
14,770 1,746 -0,271
14,786 1,741 -0,263
14,803 1,727 -0,264
14,820 1,691 -0,280
14,836 1,631 -0,248
14,853 1,587 -0,259
14,870 1,561 -0,277
14,886 1,480 -0,249
14,903 1,392 -0,275
14,920 1,320 -0,246
14,936 1,231 -0,266
14,953 1,195 -0,287
14,970 1,101 -0,242
14,986 1,050 -0,283
15,003 0,969 -0,228
15,020 0,888 -0,238
15,036 0,785 -0,228
15,053 0,717 -0,253
15,070 0,644 -0,219
15,086 0,557 -0,243
15,103 0,522 -0,261
15,120 0,437 -0,227
15,136 0,377 -0,246
15,153 0,279 -0,243
15,170 0,224 -0,234
15,186 0,199 -0,243
15,203 0,115 -0,224
15,220 5,330E-2 -0,229
15,236 4,125E-2 -0,230
15,253 3,832E-2 -0,229
15,270 2,368E-2 -0,233
15,286 -1,419E-2 -0,244
15,303 1,998E-2 -0,229
15,320 1,806E-2 -0,232
15,336 1,397E-2 -0,238
15,353 3,302E-2 -0,236
15,370 3,320E-2 -0,240
15,386 4,717E-2 -0,214
15,403 5,689E-2 -0,223
15,420 5,996E-2 -0,225
15,436 7,883E-2 -0,221
15,453 0,122 -0,206
15,470 0,170 -0,229
15,486 0,231 -0,215
15,503 0,246 -0,213
15,520 0,344 -0,247
15,536 0,389 -0,227
15,553 0,444 -0,207
15,570 0,496 -0,249
15,586 0,583 -0,218
15,603 0,632 -0,210
15,620 0,703 -0,236
15,636 0,767 -0,218
15,653 0,874 -0,236
15,670 0,928 -0,228
15,686 1,033 -0,245
15,703 1,084 -0,233
15,720 1,195 -0,239
15,736 1,246 -0,237
15,753 1,285 -0,213
15,770 1,304 -0,212
15,786 1,389 -0,242
15,803 1,432 -0,229
15,820 1,516 -0,245
15,836 1,564 -0,239
15,853 1,594 -0,233
15,870 1,612 -0,229
15,886 1,627 -0,232
15,903 1,658 -0,234
15,920 1,708 -0,259
15,936 1,734 -0,248
15,953 1,756 -0,243
15,970 1,754 -0,248
15,986 1,763 -0,241
16,003 1,752 -0,267
16,020 1,755 -0,252
16,036 1,756 -0,251
16,053 1,721 -0,270
16,070 1,688 -0,284
16,086 1,654 -0,250
16,103 1,598 -0,250
16,120 1,569 -0,264
16,136 1,573 -0,273
16,153 1,485 -0,247
16,170 1,395 -0,313
16,186 1,427 -0,318
16,203 1,400 -0,382
16,220 1,325 -0,325
16,236 1,231 -0,397
16,253 1,197 -0,420
16,270 1,107 -0,381
16,286 1,045 -0,426
16,303 0,970 -0,375
16,320 0,884 -0,410
16,336 0,791 -0,378
16,353 0,727 -0,392
16,370 0,679 -0,420
16,386 0,618 -0,369
16,403 0,529 -0,409
16,420 0,455 -0,381
16,436 0,374 -0,412
16,453 0,356 -0,421
16,470 0,334 -0,418
16,486 0,231 -0,397
16,503 0,221 -0,402
16,520 0,186 -0,425
16,536 0,148 -0,439
16,553 0,136 -0,351
16,570 8,580E-2 -0,373
16,586 4,837E-2 -0,400
16,603 5,154E-2 -0,400
16,620 6,010E-2 -0,390
16,636 5,962E-2 -0,386
16,653 5,799E-2 -0,388
16,670 6,232E-2 -0,383
16,686 6,578E-2 -0,379
16,703 0,100 -0,347
16,720 0,102 -0,358
16,736 0,154 -0,413
16,753 0,227 -0,383
16,770 0,265 -0,354
16,786 0,313 -0,417
16,803 0,379 -0,400
16,820 0,453 -0,365
16,836 0,516 -0,418
16,853 0,594 -0,374
16,870 0,662 -0,421
16,886 0,728 -0,397
16,903 0,840 -0,421
16,920 0,905 -0,408
16,936 0,929 -0,402
16,953 1,027 -0,426
16,970 1,106 -0,376
16,986 1,223 -0,400
17,003 1,253 -0,396
17,020 1,281 -0,386
17,036 1,367 -0,416
17,053 1,413 -0,405
17,070 1,477 -0,377
17,086 1,547 -0,444
17,103 1,596 -0,407
17,120 1,608 -0,399
17,136 1,661 -0,380
17,153 1,721 -0,429
17,170 1,776 -0,393
17,186 1,788 -0,390
17,203 1,787 -0,398
17,219 1,794 -0,389
17,236 1,789 -0,393
17,253 1,780 -0,397
17,269 1,787 -0,394
17,286 1,781 -0,400
17,303 1,777 -0,404
17,319 1,758 -0,423
17,336 1,734 -0,441
17,353 1,719 -0,451
17,369 1,695 -0,462
17,386 1,697 -0,457
17,403 1,638 -0,402
17,419 1,561 -0,438
17,436 1,525 -0,465
17,453 1,489 -0,393
17,469 1,412 -0,422
17,486 1,337 -0,461
17,503 1,289 -0,410
17,519 1,229 -0,445
17,536 1,108 -0,409
17,553 1,066 -0,427
17,569 1,028 -0,456
17,586 0,926 -0,422
17,603 0,868 -0,437
17,619 0,785 -0,392
17,636 0,686 -0,444
17,653 0,603 -0,406
17,669 0,545 -0,430
17,686 0,521 -0,431
17,703 0,476 -0,396
17,719 0,389 -0,397
17,736 0,333 -0,429
17,753 0,291 -0,378
17,769 0,219 -0,406
17,786 0,201 -0,419
17,803 0,209 -0,403
17,819 0,186 -0,409
17,836 0,167 -0,427
17,853 0,156 -0,427
17,869 9,875E-2 -0,387
17,886 0,134 -0,352
17,903 0,127 -0,349
17,919 9,857E-2 -0,367
17,936 8,518E-2 -0,371
17,953 8,785E-2 -0,371
17,969 8,369E-2 -0,376
17,986 0,141 -0,421
18,003 0,211 -0,399
18,019 0,231 -0,380
18,036 0,247 -0,380
18,053 0,302 -0,326
18,069 0,348 -0,398
18,086 0,440 -0,338
18,103 0,473 -0,332
18,119 0,556 -0,398
18,136 0,589 -0,377
18,153 0,699 -0,409
18,169 0,745 -0,390
18,186 0,793 -0,360
18,203 0,881 -0,422
18,219 0,946 -0,390
18,236 1,041 -0,412
18,253 1,101 -0,387
18,269 1,197 -0,417
18,286 1,283 -0,372
18,303 1,359 -0,415
18,319 1,415 -0,393
18,336 1,490 -0,345
18,353 1,492 -0,357
18,369 1,551 -0,418
18,386 1,610 -0,387
18,403 1,635 -0,380
18,419 1,654 -0,377
18,436 1,701 -0,433
18,453 1,749 -0,415
18,469 1,762 -0,406
18,486 1,768 -0,404
18,503 1,764 -0,415
18,519 1,777 -0,406
18,536 1,797 -0,396
18,553 1,782 -0,399
18,569 1,779 -0,404
18,586 1,772 -0,407
18,603 1,748 -0,421
18,619 1,751 -0,418
18,636 1,726 -0,437
18,653 1,668 -0,404
18,669 1,590 -0,426
18,686 1,594 -0,415
18,703 1,562 -0,436
18,719 1,500 -0,388
18,736 1,416 -0,429
18,753 1,396 -0,441
18,769 1,350 -0,477
18,786 1,256 -0,421
18,803 1,196 -0,450
18,819 1,104 -0,410
18,836 1,063 -0,432
18,853 0,969 -0,405
18,869 0,886 -0,434
18,886 0,872 -0,430
18,903 0,767 -0,412
18,919 0,713 -0,421
18,936 0,596 -0,403
18,953 0,556 -0,416
18,969 0,532 -0,433
18,986 0,429 -0,401
19,003 0,396 -0,411
19,019 0,378 -0,409
19,036 0,274 -0,377
19,053 0,218 -0,409
19,069 0,223 -0,399
19,086 0,185 -0,425
19,103 0,157 -0,435
19,119 8,959E-2 -0,398
19,136 7,217E-2 -0,388
19,153 6,952E-2 -0,379
19,169 6,291E-2 -0,387
19,186 5,355E-2 -0,402
19,203 6,358E-2 -0,394
19,219 6,920E-2 -0,385
19,236 7,080E-2 -0,385
19,253 8,853E-2 -0,365
19,269 6,814E-2 -0,389
19,286 0,151 -0,418
19,303 0,197 -0,407
19,319 0,229 -0,391
19,336 0,256 -0,380
19,353 0,333 -0,422
19,369 0,383 -0,403
19,386 0,429 -0,374
19,403 0,495 -0,420
19,419 0,599 -0,376
19,436 0,684 -0,408
19,453 0,767 -0,358
19,469 0,823 -0,422
19,486 0,921 -0,383
19,503 0,920 -0,396
19,519 1,008 -0,428
19,536 1,129 -0,374
19,553 1,149 -0,362
19,569 1,226 -0,408
19,586 1,256 -0,396
19,603 1,321 -0,353
19,619 1,345 -0,424
19,636 1,424 -0,402
19,653 1,450 -0,388
19,669 1,537 -0,435
19,686 1,581 -0,418
19,703 1,612 -0,393
19,719 1,629 -0,391
19,736 1,649 -0,398
19,753 1,677 -0,456
19,769 1,732 -0,427
19,786 1,749 -0,418
19,803 1,751 -0,415
19,819 1,750 -0,418
19,836 1,755 -0,410
19,853 1,754 -0,411
19,869 1,739 -0,430
19,886 1,744 -0,423
19,903 1,717 -0,437
19,919 1,713 -0,438
19,936 1,655 -0,396
19,953 1,590 -0,411
19,969 1,568 -0,426
19,986 1,522 -0,455
20,003 1,522 -0,475
20,019 1,460 -0,409
20,036 1,388 -0,440
20,053 1,366 -0,445
20,069 1,285 -0,419
20,086 1,229 -0,417
20,103 1,192 -0,438
20,119 1,125 -0,405
20,136 1,060 -0,424
20,153 0,952 -0,405
20,169 0,908 -0,408
20,186 0,819 -0,389
20,202 0,749 -0,404
20,219 0,688 -0,438
20,236 0,598 -0,400
20,253 0,544 -0,420
20,269 0,520 -0,426
20,286 0,476 -0,381
20,302 0,388 -0,412
20,319 0,368 -0,414
20,336 0,266 -0,389
20,353 0,228 -0,397
20,369 0,223 -0,392
20,386 0,176 -0,417
20,402 0,157 -0,431
20,419 0,189 -0,413
20,436 0,194 -0,406
20,452 0,200 -0,405
20,469 0,197 -0,406
20,486 0,215 -0,396
20,502 0,207 -0,414
20,519 0,207 -0,412
20,536 0,222 -0,403
20,553 0,245 -0,382
20,569 0,249 -0,380
20,586 0,315 -0,416
20,603 0,385 -0,396
20,619 0,417 -0,375
20,636 0,433 -0,364
20,653 0,496 -0,418
20,669 0,566 -0,392
20,686 0,562 -0,308
20,703 0,705 -0,389
20,719 0,781 -0,334
20,736 0,850 -0,411
20,753 0,924 -0,385
20,769 1,020 -0,419
20,786 1,081 -0,393
20,803 1,106 -0,383
20,819 1,204 -0,425
20,836 1,261 -0,396
20,853 1,295 -0,380
20,869 1,354 -0,426
20,886 1,431 -0,391
20,903 1,549 -0,409
20,919 1,587 -0,399
20,936 1,604 -0,387
20,953 1,666 -0,362
20,969 1,711 -0,439
20,986 1,756 -0,412
21,003 1,786 -0,392
21,019 1,794 -0,389
21,036 1,797 -0,395
21,053 1,784 -0,400
21,069 1,818 -0,388
21,086 1,799 -0,396
21,103 1,798 -0,393
21,119 1,791 -0,396
21,136 1,793 -0,394
21,153 1,771 -0,410
21,169 1,777 -0,409
21,186 1,755 -0,417
21,203 1,745 -0,422
21,219 1,727 -0,426
21,236 1,793 -0,361
21,253 1,862 -0,281
