t x y
0.055 -4.491 4.249
0.088 -3.732 4.072
0.121 -2.741 4.051
0.154 -1.816 3.927
0.187 -0.746 3.881
0.220 0.353 3.869
0.253 1.399 3.880
0.286 2.348 3.866
0.319 3.282 4.054
0.352 3.972 4.077
0.385 4.459 4.097
0.418 4.914 4.250
0.451 4.981 4.253
0.484 4.771 4.211
0.517 4.383 4.073
0.550 3.752 3.933
0.583 2.991 3.863
0.616 2.055 3.781
0.649 1.043 3.688
0.682 1.583e-2 3.681
0.715 -1.054 3.699
0.748 -2.087 3.842
0.781 -3.071 3.864
0.814 -3.821 3.941
0.847 -4.369 4.050
0.880 -4.805 4.241
0.913 -4.965 4.260
0.946 -4.975 4.273
0.979 -4.748 4.249
1.013 -4.410 4.113
1.046 -3.842 4.018
1.079 -3.036 3.903
1.112 -2.062 3.866
1.145 -1.110 3.759
1.178 -5.990e-2 3.732
1.211 1.033 3.706
1.244 2.021 3.733
1.277 2.873 3.861
1.310 3.703 3.958
1.343 4.268 4.045
1.376 4.524 4.062
1.409 4.733 4.059
1.442 4.567 4.044
1.475 4.456 3.945
1.508 3.935 3.855
1.541 3.202 3.720
1.574 2.379 3.783
1.607 1.427 3.694
1.640 0.331 3.654
1.673 -0.739 3.696
1.706 -1.688 3.699
1.739 -2.654 3.804
1.772 -3.595 3.760
1.805 -4.221 3.828
1.838 -4.582 4.072
1.871 -4.857 4.106
1.904 -4.974 4.146
1.937 -4.948 4.157
1.970 -4.539 4.116
2.003 -4.018 4.064
2.036 -3.264 3.912
2.069 -2.411 3.869
2.102 -1.424 3.850
2.135 -0.416 3.852
2.168 0.636 3.861
2.201 1.688 3.830
2.234 2.578 3.862
2.267 3.406 3.937
2.300 4.130 4.042
2.333 4.525 4.061
2.366 4.664 4.085
2.400 4.616 4.083
2.433 4.461 4.043
2.466 3.983 3.980
2.499 3.366 3.862
2.532 2.596 3.858
2.565 1.641 3.702
2.598 0.655 3.676
2.631 -0.406 3.680
2.664 -1.490 3.725
2.697 -2.369 3.704
2.730 -3.244 3.899
2.763 -4.011 3.943
2.796 -4.469 4.080
2.829 -4.734 4.195
2.862 -4.830 4.271
2.895 -4.776 4.269
2.928 -4.603 4.175
2.961 -4.046 4.118
2.994 -3.530 4.068
3.027 -2.734 3.939
3.060 -1.729 3.867
3.093 -0.677 3.851
3.126 0.303 3.856
3.159 1.347 3.862
3.192 2.271 3.908
3.225 3.007 3.924
3.258 3.684 4.053
3.291 4.190 4.072
3.324 4.453 4.072
3.357 4.437 4.041
3.390 4.341 3.970
3.423 4.079 4.045
3.456 3.538 3.874
3.489 2.742 3.871
3.522 1.876 3.855
3.555 0.882 3.701
3.588 -8.708e-2 3.684
3.621 -1.128 3.701
3.654 -2.128 3.863
3.687 -2.921 3.892
3.720 -3.665 3.957
3.754 -4.213 4.085
3.787 -4.784 4.248
3.820 -4.791 4.281
3.853 -4.758 4.278
3.886 -4.697 4.277
3.919 -4.413 4.121
3.952 -3.707 4.045
3.985 -2.929 3.867
4.018 -2.038 3.859
4.051 -1.024 3.741
4.084 -1.364e-2 3.725
4.117 0.962 3.737
4.150 1.903 3.785
4.183 2.757 3.824
4.216 3.483 3.821
4.249 4.006 3.856
4.282 4.387 3.910
4.315 4.433 3.863
4.348 4.351 3.822
4.381 4.149 3.689
4.414 3.600 3.639
4.447 2.958 3.500
4.480 2.108 3.610
4.513 1.209 3.634
4.546 0.247 3.590
4.579 -0.788 3.653
4.612 -1.812 3.607
4.645 -2.673 3.827
4.678 -3.443 3.876
4.711 -4.030 4.049
4.744 -4.607 3.979
4.777 -5.040 4.177
4.810 -5.079 4.167
4.843 -4.876 4.165
4.876 -4.478 4.106
4.909 -3.866 3.972
4.942 -3.117 3.871
4.975 -2.318 3.868
5.008 -1.373 3.780
5.041 -0.380 3.782
5.074 0.604 3.752
5.107 1.562 3.772
5.141 2.388 3.848
5.174 3.279 3.390
5.207 3.842 3.342
5.240 4.271 3.329
5.273 4.444 3.356
5.306 4.413 3.331
5.339 4.159 3.315
5.372 3.712 3.425
5.405 3.100 3.409
5.438 2.290 3.658
5.471 1.412 3.667
5.504 0.459 3.656
5.537 -0.438 3.655
5.570 -1.445 3.708
5.603 -2.299 3.877
5.636 -3.061 3.890
5.669 -3.817 3.956
5.702 -4.351 4.000
5.735 -4.701 4.091
5.768 -4.750 4.135
5.801 -4.664 4.179
5.834 -4.404 4.121
5.867 -3.993 4.068
5.900 -3.321 3.966
5.933 -2.527 3.852
5.966 -1.678 3.857
5.999 -0.685 3.738
6.032 0.315 3.747
6.065 1.276 3.742
6.098 2.131 3.844
6.131 2.915 3.824
6.164 3.509 3.832
6.197 4.129 3.817
6.230 4.343 3.703
6.263 4.370 3.729
6.296 4.231 3.790
6.329 3.806 3.795
6.362 3.200 3.794
6.395 2.535 3.730
6.428 1.673 3.664
6.461 0.734 3.670
6.494 -0.223 3.658
6.528 -1.150 3.695
6.561 -2.117 3.685
6.594 -2.966 3.740
6.627 -3.677 3.730
6.660 -4.285 3.777
6.693 -4.680 3.810
6.726 -4.866 3.587
6.759 -4.862 3.521
6.792 -4.655 3.538
6.825 -4.134 3.582
6.858 -3.537 3.570
6.891 -2.750 3.608
6.924 -1.894 3.802
6.957 -0.986 3.688
6.990 -8.265e-3 3.730
7.023 0.974 3.731
7.056 1.811 3.770
7.089 2.664 3.781
7.122 3.253 3.864
7.155 3.824 3.903
7.188 4.226 4.048
7.221 4.392 2.992
7.254 4.275 3.065
7.287 3.919 3.247
7.320 3.395 3.077
7.353 2.691 3.511
7.386 1.900 3.458
7.419 1.049 3.512
7.452 6.675e-2 3.475
7.485 -0.875 3.440
7.518 -1.786 3.381
7.551 -2.671 3.651
7.584 -3.466 3.627
7.617 -4.049 3.573
7.650 -4.411 3.752
7.683 -4.623 3.810
7.716 -4.738 3.752
7.749 -4.519 3.748
7.782 -4.209 3.547
7.815 -3.681 3.525
7.848 -2.982 3.441
7.881 -2.123 3.504
7.915 -1.204 3.494
7.948 -0.371 3.744
7.981 0.591 3.719
8.014 1.547 3.699
8.047 2.324 3.719
8.080 3.017 3.759
8.113 3.644 3.768
8.146 4.034 3.725
8.179 4.126 3.737
8.212 4.186 3.733
8.245 3.913 3.759
8.278 3.437 3.718
8.311 2.845 3.654
8.344 2.100 3.656
8.377 1.302 3.618
8.410 0.376 3.555
8.443 -0.609 3.590
8.476 -1.526 3.596
8.509 -2.335 3.615
8.542 -3.157 3.622
8.575 -3.843 3.665
8.608 -4.218 3.777
8.641 -4.415 4.083
8.674 -4.421 4.129
8.707 -4.491 3.949
8.740 -4.327 3.730
8.773 -3.848 3.676
8.806 -3.085 3.791
8.839 -2.264 3.777
8.872 -1.426 3.663
8.905 -0.481 3.700
8.938 0.369 3.681
8.971 1.335 3.700
9.004 2.147 3.712
9.037 2.764 3.805
9.070 3.435 3.841
9.103 3.883 3.835
9.136 4.064 3.809
9.169 4.128 3.710
9.202 3.985 3.723
9.235 3.602 3.687
9.268 3.021 3.670
9.302 2.332 3.602
9.335 1.514 3.450
9.368 0.669 3.438
9.401 -0.330 3.632
9.434 -1.232 3.618
9.467 -2.112 3.697
9.500 -2.916 3.770
9.533 -3.682 3.683
9.566 -4.256 3.943
9.599 -4.486 3.786
9.632 -4.659 3.742
9.665 -4.655 3.842
9.698 -4.456 3.820
9.731 -3.934 3.754
9.764 -3.307 3.765
9.797 -2.581 3.741
9.830 -1.758 3.701
9.863 -0.806 3.662
9.896 0.116 3.675
9.929 1.007 3.688
9.962 1.823 3.676
9.995 2.643 3.748
10.028 3.144 3.714
10.061 3.718 3.418
10.094 4.033 3.332
10.127 4.067 3.400
10.160 3.980 3.360
10.193 3.564 3.590
10.226 3.110 3.563
10.259 2.475 3.656
10.292 1.713 3.662
10.325 0.856 3.451
10.358 4.377e-2 3.588
10.391 -0.907 3.604
10.424 -1.824 3.619
10.457 -2.561 3.763
10.490 -3.241 3.800
10.523 -3.855 3.900
10.556 -4.243 3.930
10.589 -4.368 3.986
10.623 -4.366 3.954
10.656 -4.195 3.938
10.689 -3.853 3.916
10.722 -3.374 3.770
10.755 -2.708 3.724
10.788 -1.940 3.705
10.821 -1.078 3.679
10.854 -0.122 3.635
10.887 0.826 3.682
10.920 1.558 3.702
10.953 2.300 3.743
10.986 2.982 3.758
11.019 3.481 3.846
11.052 3.842 3.833
11.085 3.990 3.820
11.118 4.007 3.832
11.151 3.675 3.828
11.184 3.171 3.658
11.217 2.580 3.654
11.250 1.891 3.663
11.283 1.076 3.658
11.316 0.253 3.664
11.349 -0.602 3.668
11.382 -1.542 3.553
11.415 -2.367 3.687
11.448 -3.025 3.862
11.481 -3.590 3.908
11.514 -3.994 3.957
11.547 -4.181 4.067
11.580 -4.204 4.147
11.613 -4.183 3.922
11.646 -3.931 3.848
11.679 -3.552 3.885
11.712 -2.926 3.853
11.745 -2.144 3.755
11.778 -1.369 3.675
11.811 -0.452 3.688
11.844 0.415 3.733
11.877 1.288 3.673
11.910 2.067 3.747
11.943 2.745 3.701
11.976 3.367 3.830
12.009 3.764 3.817
12.043 3.984 3.764
12.076 3.988 3.773
12.109 3.783 3.681
12.142 3.373 3.653
12.175 2.780 3.632
12.208 2.101 3.309
12.241 1.373 3.397
12.274 0.481 3.482
12.307 -0.414 3.457
12.340 -1.266 3.441
12.373 -2.103 3.626
12.406 -2.808 3.668
12.439 -3.375 3.837
12.472 -3.817 3.904
12.505 -4.014 4.045
12.538 -4.520 3.000
12.571 -4.480 3.013
12.604 -4.139 3.163
12.637 -3.698 3.520
12.670 -3.092 3.422
12.703 -2.343 3.441
12.736 -1.504 3.544
12.769 -0.662 3.476
12.802 0.200 3.575
12.835 1.104 3.451
12.868 1.872 3.396
12.901 2.578 3.392
12.934 3.174 3.393
12.967 3.581 3.395
13.000 3.868 3.829
13.033 3.877 3.707
13.066 3.738 3.786
13.099 3.506 3.579
13.132 2.956 3.490
13.165 2.254 3.377
13.198 1.532 3.408
13.231 0.698 3.277
13.264 -0.142 3.550
13.297 -1.021 3.540
13.330 -1.868 3.616
13.363 -2.501 3.792
13.397 -3.203 3.782
13.430 -3.652 3.812
13.463 -4.058 3.827
13.496 -4.275 3.758
13.529 -4.320 3.762
13.562 -4.128 3.728
13.595 -3.714 3.662
13.628 -3.220 3.711
13.661 -2.531 3.668
13.694 -1.749 3.645
13.727 -0.953 3.738
13.760 -0.187 3.734
13.793 0.768 3.561
13.826 1.564 3.623
13.859 2.288 3.574
13.892 2.883 3.596
13.925 3.332 3.587
13.958 3.619 3.595
13.991 3.799 3.570
14.024 3.736 3.556
14.057 3.496 3.037
14.090 3.033 3.561
14.123 2.398 3.585
14.156 1.695 3.483
14.189 0.915 3.523
14.222 9.054e-2 3.523
14.255 -0.761 3.561
14.288 -1.628 3.540
14.321 -2.309 3.664
14.354 -3.070 3.770
14.387 -3.507 3.699
14.420 -3.934 3.854
14.453 -4.239 3.967
14.486 -4.217 4.037
14.519 -4.167 3.937
14.552 -3.834 3.934
14.585 -3.284 3.902
14.618 -2.709 3.727
14.651 -1.953 3.691
14.684 -1.163 3.754
14.717 -0.343 3.664
14.750 0.539 3.621
14.784 1.353 3.603
14.817 2.084 3.571
14.850 2.689 3.618
14.883 3.235 3.580
14.916 3.591 3.663
14.949 3.732 3.761
14.982 3.641 3.727
15.015 3.415 3.669
15.048 2.987 3.683
15.081 2.512 3.578
15.114 1.810 3.476
15.147 1.114 3.477
15.180 0.331 3.485
15.213 -0.557 3.559
15.246 -1.381 3.592
15.279 -2.174 3.550
15.312 -2.824 3.648
15.345 -3.400 3.598
15.378 -3.817 3.608
15.411 -4.037 3.608
15.444 -4.127 3.462
15.477 -4.172 3.212
15.510 -3.899 3.141
15.543 -3.428 3.418
15.576 -2.809 3.401
15.609 -2.091 3.469
15.642 -1.358 3.559
15.675 -0.510 3.505
15.708 0.328 3.480
15.741 1.143 3.555
15.774 1.883 3.586
15.807 2.566 3.554
15.840 3.017 3.586
15.873 3.392 3.602
15.906 3.658 3.642
15.939 3.653 3.600
15.972 3.512 3.637
16.005 3.202 3.599
16.038 2.705 3.666
16.071 2.086 3.649
16.104 1.306 3.564
16.137 0.490 3.548
16.171 -0.287 3.509
16.204 -1.123 3.617
16.237 -1.902 3.604
16.270 -2.595 3.549
16.303 -3.203 3.599
16.336 -3.599 3.688
16.369 -3.916 3.925
16.402 -4.055 3.956
16.435 -4.030 3.922
16.468 -3.848 3.870
16.501 -3.513 3.795
16.534 -2.927 3.778
16.567 -2.323 3.722
16.600 -1.538 3.704
16.633 -0.752 3.674
16.666 2.741e-2 3.696
16.699 0.802 3.716
16.732 1.573 3.627
16.765 2.283 3.537
16.798 2.904 3.660
16.831 3.296 3.714
16.864 3.566 3.604
16.897 3.635 3.676
16.930 3.542 3.736
16.963 3.265 3.689
16.996 2.766 3.658
17.029 2.098 3.569
17.062 1.440 3.604
17.095 0.675 3.517
17.128 -0.146 3.579
17.161 -0.899 3.547
17.194 -1.680 3.510
17.227 -2.294 3.762
17.260 -2.852 3.848
17.293 -3.264 3.953
17.326 -3.616 3.913
17.359 -3.790 3.938
17.392 -3.785 3.945
17.425 -3.630 3.944
17.458 -3.356 3.880
17.491 -2.990 3.706
17.524 -2.393 3.633
17.558 -1.693 3.553
17.591 -0.941 3.498
17.624 -0.109 3.545
17.657 0.690 3.560
17.690 1.399 3.522
17.723 2.093 3.568
17.756 2.654 3.685
17.789 3.069 3.808
17.822 3.454 3.772
17.855 3.602 3.693
17.888 3.561 3.678
17.921 3.243 3.679
17.954 2.821 3.678
17.987 2.284 3.662
18.020 1.624 3.656
18.053 0.897 3.539
18.086 0.106 3.449
18.119 -0.692 3.496
18.152 -1.416 3.577
18.185 -2.176 3.678
18.218 -2.820 3.773
18.251 -3.375 3.868
18.284 -3.726 3.917
18.317 -3.907 3.918
18.350 -3.990 3.901
18.383 -3.844 3.903
18.416 -3.671 3.901
18.449 -3.184 3.890
18.482 -2.523 3.855
18.515 -1.864 3.589
18.548 -1.088 3.593
18.581 -0.368 3.607
18.614 0.387 3.607
18.647 1.155 3.593
18.680 1.774 3.684
18.713 2.345 3.701
18.746 2.892 3.698
18.779 3.264 3.667
18.812 3.430 3.726
18.845 3.422 3.727
18.878 3.248 3.750
18.912 2.885 3.663
18.945 2.396 3.545
18.978 1.762 3.384
19.011 1.054 3.472
19.044 0.304 3.380
19.077 -0.507 3.412
19.110 -1.252 3.366
19.143 -1.989 3.253
19.176 -2.643 3.389
19.209 -3.173 3.307
19.242 -3.645 3.333
19.275 -3.865 3.427
19.308 -4.000 3.410
19.341 -3.911 3.411
19.374 -3.684 3.484
19.407 -3.290 3.797
19.440 -2.712 3.633
19.473 -2.048 3.555
19.506 -1.328 3.596
19.539 -0.556 3.639
19.572 0.209 3.448
19.605 0.993 3.490
19.638 1.698 3.519
19.671 2.310 3.234
19.704 2.853 3.065
19.737 3.202 2.983
19.770 3.379 2.932
19.803 3.401 2.937
19.836 3.234 2.985
19.869 2.891 3.188
19.902 2.501 3.040
19.935 1.862 3.242
19.968 1.185 3.408
20.001 0.497 3.418
20.034 -0.275 3.455
20.067 -1.034 3.581
20.100 -1.741 3.626
20.133 -2.397 3.676
20.166 -2.980 3.701
20.199 -3.486 3.710
20.232 -3.738 3.796
20.265 -3.804 3.753
20.299 -3.771 3.767
20.332 -3.557 3.761
20.365 -3.255 3.788
20.398 -2.778 3.703
20.431 -2.194 3.668
20.464 -1.535 3.685
20.497 -0.775 3.693
20.530 -1.262e-2 3.681
20.563 0.769 3.452
20.596 1.499 3.364
20.629 2.130 3.443
20.662 2.586 3.382
20.695 3.000 3.441
20.728 3.229 3.382
20.761 3.339 3.289
20.794 3.207 3.208
20.827 2.956 3.032
20.860 2.477 3.562
20.893 1.969 3.643
20.926 1.324 3.534
20.959 0.603 3.611
20.992 -7.008e-2 3.523
21.025 -0.830 3.515
21.058 -1.557 3.571
21.091 -2.229 3.608
21.124 -2.800 3.595
21.157 -3.241 3.637
21.190 -3.626 3.611
21.223 -3.754 3.583
21.256 -3.782 3.574
21.289 -3.681 3.576
21.322 -3.354 3.587
21.355 -2.902 3.568
21.388 -2.312 3.510
21.421 -1.623 3.454
21.454 -0.956 3.474
21.487 -0.192 3.480
21.520 0.560 3.524
21.553 1.227 3.505
21.586 1.890 3.517
21.619 2.351 3.650
21.652 2.736 3.618
21.686 2.950 3.634
21.719 3.120 3.587
21.752 3.063 3.557
21.785 2.886 3.561
21.818 2.486 3.519
21.851 2.044 3.479
21.884 1.516 3.522
21.917 0.772 3.655
21.950 1.909e-2 3.656
21.983 -0.714 3.664
22.016 -1.372 3.573
22.049 -2.069 3.517
22.082 -2.631 3.503
22.115 -3.097 3.550
22.148 -3.507 3.607
22.181 -3.718 3.587
22.214 -3.770 3.535
22.247 -3.646 3.604
22.280 -3.398 3.524
22.313 -2.969 3.424
22.346 -2.424 3.461
22.379 -1.775 3.475
22.412 -1.167 3.529
22.445 -0.386 3.424
22.478 0.374 3.408
22.511 1.062 3.355
22.544 1.717 3.406
22.577 2.278 3.270
22.610 2.683 3.400
22.643 3.023 3.653
22.676 3.221 3.692
22.709 3.236 3.686
22.742 3.009 3.711
22.775 2.736 3.655
22.808 2.210 3.672
22.841 1.683 3.653
22.874 1.041 3.662
22.907 0.300 3.655
22.940 -0.417 3.666
22.973 -1.141 3.667
23.006 -1.922 3.693
23.040 -2.445 3.740
23.073 -2.856 3.782
23.106 -3.272 3.730
23.139 -3.503 3.694
23.172 -3.637 3.691
23.205 -3.590 3.686
23.238 -3.395 3.686
23.271 -3.015 3.622
23.304 -2.541 3.579
23.337 -1.929 3.614
23.370 -1.236 3.549
23.403 -0.563 3.536
23.436 0.176 3.549
23.469 0.919 3.598
23.502 1.514 3.585
23.535 2.057 3.619
23.568 2.477 3.600
23.601 2.731 3.681
23.634 2.839 3.719
23.667 3.012 3.692
23.700 2.933 3.674
23.733 2.590 3.663
23.766 2.155 3.677
23.799 1.584 3.607
23.832 0.995 3.577
23.865 0.384 3.527
23.898 -0.373 3.542
23.931 -1.010 3.579
23.964 -1.678 3.597
23.997 -2.256 3.657
24.030 -2.683 3.864
24.063 -3.136 3.752
24.096 -3.378 3.737
24.129 -3.576 3.584
24.162 -3.620 3.539
24.195 -3.476 3.647
24.228 -3.095 3.589
24.261 -2.681 3.549
24.294 -2.109 3.755
24.327 -1.370 3.621
24.360 -0.755 3.745
24.393 -9.416e-2 3.671
24.427 0.607 3.685
24.460 1.333 3.550
24.493 1.833 3.535
24.526 2.398 3.618
24.559 2.749 3.594
24.592 2.885 3.552
24.625 2.953 3.571
24.658 2.941 3.561
24.691 2.769 3.255
24.724 2.389 3.187
24.757 1.845 3.656
24.790 1.234 3.623
24.823 0.624 3.573
24.856 -0.116 3.538
24.889 -0.768 3.595
24.922 -1.507 3.602
24.955 -2.066 3.651
24.988 -2.640 3.651
25.021 -3.033 3.632
25.054 -3.293 3.645
25.087 -3.517 3.622
25.120 -3.555 3.571
25.153 -3.388 3.582
25.186 -3.067 3.508
25.219 -2.630 3.524
25.252 -2.145 3.521
25.285 -1.568 3.485
25.318 -0.888 3.532
25.351 -0.173 3.429
25.384 0.536 3.238
25.417 1.182 3.404
25.450 1.763 3.393
25.483 2.145 3.639
25.516 2.525 3.633
25.549 2.890 3.194
25.582 2.943 3.172
25.615 2.892 3.184
25.648 2.683 3.165
25.681 2.365 3.198
25.714 1.906 3.485
25.747 1.372 3.518
25.780 0.692 3.563
25.814 8.318e-2 3.522
25.847 -0.635 3.551
25.880 -1.346 3.595
25.913 -1.937 3.528
25.946 -2.493 3.799
25.979 -2.839 3.773
26.012 -3.202 3.758
26.045 -3.385 3.764
26.078 -3.489 3.769
26.111 -3.340 3.682
26.144 -3.109 3.720
26.177 -2.762 3.692
26.210 -2.309 3.736
26.243 -1.730 3.677
26.276 -1.138 3.752
26.309 -0.369 3.520
