t x y
0,000 2,063 1,111
0,029 2,122 1,103
0,046 2,200 1,117
0,062 2,236 1,115
0,079 2,255 1,112
0,096 2,310 1,114
0,112 2,310 1,111
0,129 2,279 1,109
0,146 2,277 1,103
0,162 2,263 1,103
0,179 2,250 1,100
0,196 2,235 1,103
0,212 2,218 1,107
0,229 2,183 1,110
0,246 2,101 1,100
0,262 2,054 1,110
0,279 1,939 1,100
0,296 1,892 1,110
0,312 1,785 1,093
0,329 1,707 1,105
0,346 1,567 1,097
0,362 1,496 1,103
0,379 1,380 1,104
0,396 1,250 1,089
0,412 1,140 1,109
0,429 1,035 1,109
0,446 0,878 1,106
0,462 0,736 1,102
0,479 0,641 1,117
0,496 0,522 1,111
0,512 0,373 1,100
0,529 0,257 1,091
0,546 0,157 1,112
0,562 1,997E-2 1,103
0,579 -9,694E-2 1,097
0,596 -0,177 1,115
0,612 -0,313 1,109
0,629 -0,376 1,126
0,646 -0,488 1,115
0,662 -0,519 1,121
0,679 -0,629 1,107
0,696 -0,669 1,112
0,712 -0,693 1,117
0,729 -0,741 1,123
0,746 -0,781 1,105
0,762 -0,815 1,110
0,779 -0,832 1,114
0,796 -0,831 1,118
0,812 -0,831 1,116
0,829 -0,826 1,115
0,846 -0,798 1,112
0,862 -0,723 1,127
0,879 -0,668 1,114
0,896 -0,632 1,112
0,912 -0,527 1,120
0,929 -0,483 1,112
0,946 -0,351 1,119
0,962 -0,304 1,115
0,979 -0,165 1,118
0,996 -8,711E-2 1,116
1,012 1,675E-2 1,117
1,029 0,168 1,121
1,046 0,292 1,125
1,062 0,375 1,114
1,079 0,526 1,114
1,096 0,674 1,119
1,112 0,784 1,126
1,129 0,896 1,115
1,146 1,039 1,118
1,162 1,190 1,123
1,179 1,277 1,120
1,196 1,385 1,118
1,212 1,531 1,124
1,229 1,595 1,121
1,246 1,719 1,120
1,262 1,769 1,120
1,279 1,886 1,119
1,296 1,929 1,119
1,312 2,044 1,123
1,329 2,070 1,117
1,346 2,097 1,120
1,362 2,166 1,125
1,379 2,231 1,117
1,396 2,234 1,116
1,412 2,240 1,113
1,429 2,239 1,114
1,446 2,238 1,114
1,462 2,232 1,115
1,479 2,224 1,113
1,496 2,185 1,117
1,512 2,108 1,113
1,529 2,066 1,110
1,546 1,988 1,114
1,562 1,908 1,108
1,579 1,868 1,114
1,596 1,743 1,108
1,612 1,691 1,111
1,629 1,559 1,109
1,646 1,447 1,101
1,662 1,356 1,110
1,679 1,216 1,109
1,696 1,072 1,105
1,712 0,971 1,117
1,729 0,864 1,112
1,746 0,710 1,110
1,762 0,581 1,106
1,779 0,490 1,117
1,796 0,358 1,111
1,812 0,209 1,110
1,829 0,145 1,121
1,846 2,002E-2 1,112
1,862 -0,105 1,109
1,879 -0,167 1,116
1,896 -0,308 1,113
1,912 -0,351 1,120
1,929 -0,477 1,114
1,946 -0,507 1,120
1,962 -0,607 1,112
1,979 -0,662 1,116
1,996 -0,678 1,119
2,012 -0,699 1,126
2,029 -0,696 1,125
2,046 -0,699 1,132
2,062 -0,688 1,126
2,079 -0,682 1,121
2,096 -0,676 1,117
2,112 -0,663 1,114
2,129 -0,641 1,111
2,146 -0,577 1,126
2,162 -0,501 1,119
2,179 -0,456 1,113
2,196 -0,355 1,129
2,212 -0,313 1,116
2,229 -0,179 1,123
2,246 -0,133 1,114
2,262 5,777E-3 1,118
2,279 0,113 1,129
2,296 0,206 1,112
2,312 0,350 1,119
2,329 0,493 1,126
2,346 0,581 1,112
2,362 0,702 1,115
2,379 0,856 1,118
2,396 0,967 1,128
2,412 1,074 1,113
2,429 1,211 1,115
2,446 1,351 1,125
2,462 1,419 1,112
2,479 1,551 1,117
2,496 1,681 1,131
2,512 1,746 1,112
2,529 1,877 1,125
2,546 1,927 1,115
2,562 2,050 1,122
2,579 2,080 1,111
2,596 2,182 1,126
2,612 2,237 1,113
2,629 2,257 1,109
2,646 2,274 1,109
2,662 2,318 1,103
2,679 2,339 1,119
2,696 2,371 1,116
2,712 2,386 1,114
2,729 2,392 1,114
2,746 2,366 1,117
2,762 2,348 1,113
2,779 2,276 1,102
2,796 2,237 1,109
2,812 2,197 1,111
2,829 2,093 1,098
2,846 2,051 1,107
2,862 1,927 1,099
2,879 1,880 1,106
2,896 1,744 1,101
2,912 1,664 1,108
2,929 1,558 1,103
2,946 1,414 1,098
2,962 1,343 1,108
2,979 1,209 1,107
2,996 1,058 1,102
3,012 0,947 1,095
3,029 0,843 1,107
3,046 0,699 1,107
3,062 0,549 1,103
3,079 0,477 1,116
3,096 0,356 1,108
3,112 0,208 1,105
3,129 0,162 1,113
3,146 2,052E-2 1,108
3,162 -3,267E-2 1,115
3,179 -0,152 1,111
3,196 -0,197 1,117
3,212 -0,316 1,110
3,229 -0,335 1,115
3,246 -0,379 1,117
3,262 -0,475 1,112
3,279 -0,499 1,114
3,296 -0,503 1,115
3,312 -0,515 1,116
3,329 -0,511 1,115
3,346 -0,507 1,115
3,362 -0,503 1,117
3,379 -0,496 1,114
3,396 -0,489 1,114
3,412 -0,464 1,110
3,429 -0,386 1,123
3,446 -0,328 1,115
3,462 -0,290 1,107
3,479 -0,170 1,117
3,496 -0,129 1,110
3,512 9,647E-5 1,119
3,529 4,713E-2 1,111
3,546 0,183 1,113
3,562 0,283 1,121
3,579 0,376 1,111
3,596 0,522 1,114
3,612 0,642 1,119
3,629 0,737 1,106
3,645 0,869 1,113
3,662 1,012 1,118
3,679 1,096 1,108
3,695 1,211 1,113
3,712 1,366 1,119
3,729 1,429 1,108
3,745 1,551 1,114
3,762 1,686 1,125
3,779 1,740 1,112
3,795 1,872 1,121
3,812 1,929 1,106
3,829 2,048 1,117
3,845 2,084 1,112
3,862 2,141 1,105
3,879 2,227 1,115
3,895 2,241 1,112
3,912 2,267 1,108
3,929 2,311 1,102
3,945 2,284 1,104
3,962 2,317 1,098
3,979 2,282 1,103
3,995 2,262 1,107
4,012 2,239 1,110
4,029 2,234 1,108
4,045 2,213 1,109
4,062 2,157 1,112
4,079 2,085 1,102
4,095 2,060 1,108
4,112 1,959 1,096
4,129 1,888 1,106
4,145 1,769 1,098
4,162 1,704 1,106
4,179 1,573 1,102
4,195 1,490 1,104
4,212 1,384 1,102
4,229 1,238 1,098
4,245 1,164 1,106
4,262 1,038 1,106
4,279 0,883 1,102
4,295 0,764 1,096
4,312 0,663 1,112
4,329 0,528 1,110
4,345 0,386 1,100
4,362 0,282 1,116
4,379 0,188 1,111
4,395 4,588E-2 1,105
4,412 -6,478E-3 1,115
4,429 -0,146 1,110
4,445 -0,198 1,121
4,462 -0,315 1,111
4,479 -0,355 1,119
4,495 -0,468 1,110
4,512 -0,504 1,114
4,529 -0,547 1,125
4,545 -0,618 1,110
4,562 -0,663 1,115
4,579 -0,668 1,115
4,595 -0,671 1,113
4,612 -0,672 1,114
4,629 -0,671 1,114
4,645 -0,669 1,113
4,662 -0,657 1,112
4,679 -0,629 1,110
4,695 -0,560 1,126
4,712 -0,502 1,116
4,729 -0,472 1,112
4,745 -0,355 1,124
4,762 -0,311 1,113
4,779 -0,189 1,122
4,795 -0,139 1,113
4,812 6,796E-4 1,120
4,829 7,045E-2 1,110
4,845 0,189 1,115
4,862 0,319 1,127
4,879 0,404 1,113
4,895 0,530 1,116
4,912 0,681 1,121
4,929 0,788 1,126
4,945 0,901 1,115
4,962 1,039 1,117
4,979 1,168 1,122
4,995 1,264 1,114
5,012 1,384 1,118
5,029 1,520 1,125
5,045 1,586 1,116
5,062 1,717 1,120
5,079 1,772 1,117
5,095 1,887 1,121
5,112 1,930 1,116
5,129 2,049 1,122
5,145 2,077 1,118
5,162 2,119 1,116
5,179 2,195 1,125
5,195 2,235 1,116
5,212 2,247 1,113
5,229 2,245 1,112
5,245 2,250 1,112
5,262 2,246 1,112
5,279 2,244 1,112
5,295 2,234 1,114
5,312 2,222 1,114
5,329 2,178 1,116
5,345 2,108 1,109
5,362 2,066 1,108
5,379 2,006 1,117
5,395 1,915 1,105
5,412 1,875 1,111
5,429 1,748 1,107
5,445 1,696 1,110
5,462 1,559 1,108
5,479 1,459 1,095
5,495 1,364 1,111
5,512 1,222 1,106
5,529 1,090 1,100
5,545 1,006 1,117
5,562 0,869 1,112
5,579 0,719 1,108
5,595 0,629 1,119
5,612 0,530 1,110
5,629 0,385 1,104
5,645 0,295 1,120
5,662 0,189 1,113
5,679 7,909E-2 1,100
5,695 -5,575E-3 1,118
5,712 -0,135 1,108
5,729 -0,184 1,120
5,745 -0,308 1,110
5,762 -0,344 1,118
5,779 -0,406 1,125
5,795 -0,479 1,115
5,812 -0,502 1,118
5,829 -0,525 1,125
5,845 -0,549 1,129
5,862 -0,535 1,126
5,879 -0,528 1,125
5,895 -0,517 1,121
5,912 -0,510 1,118
5,929 -0,502 1,114
5,945 -0,488 1,114
5,962 -0,473 1,114
5,979 -0,414 1,110
5,995 -0,340 1,118
6,012 -0,315 1,115
6,029 -0,190 1,124
6,045 -0,148 1,112
6,062 -2,028E-2 1,121
6,079 3,714E-2 1,112
6,095 0,170 1,120
6,112 0,244 1,106
6,129 0,356 1,114
6,145 0,506 1,119
6,162 0,562 1,110
6,179 0,698 1,114
6,195 0,851 1,118
6,212 0,957 1,127
6,229 1,063 1,110
6,245 1,207 1,116
6,262 1,319 1,125
6,279 1,409 1,110
6,295 1,547 1,114
6,312 1,656 1,129
6,329 1,738 1,113
6,345 1,878 1,120
6,362 1,920 1,111
6,379 2,049 1,118
6,395 2,079 1,108
6,412 2,185 1,125
6,429 2,237 1,112
6,445 2,261 1,108
6,462 2,337 1,118
6,479 2,394 1,113
6,495 2,407 1,111
6,512 2,408 1,111
6,529 2,408 1,111
6,545 2,407 1,111
6,562 2,406 1,111
6,579 2,392 1,113
6,595 2,373 1,110
6,612 2,291 1,097
6,629 2,237 1,107
6,645 2,197 1,109
6,662 2,092 1,096
6,679 2,052 1,105
6,695 1,926 1,097
6,712 1,879 1,109
6,729 1,740 1,097
6,745 1,662 1,104
6,762 1,556 1,103
6,779 1,419 1,094
6,795 1,337 1,105
6,812 1,212 1,104
6,829 1,073 1,090
6,845 0,981 1,109
6,862 0,865 1,108
6,879 0,714 1,102
6,895 0,611 1,109
6,912 0,522 1,107
6,929 0,390 1,100
6,945 0,297 1,115
6,962 0,190 1,109
6,978 0,121 1,117
6,995 1,547E-2 1,112
7,012 -5,536E-2 1,120
7,029 -0,149 1,111
7,045 -0,188 1,119
7,062 -0,278 1,105
7,078 -0,328 1,112
7,095 -0,344 1,116
7,112 -0,378 1,120
7,128 -0,425 1,109
7,145 -0,466 1,109
7,162 -0,483 1,111
7,178 -0,489 1,111
7,195 -0,491 1,112
7,212 -0,477 1,110
7,228 -0,449 1,107
7,245 -0,379 1,122
7,262 -0,333 1,114
7,278 -0,311 1,109
7,295 -0,188 1,118
7,312 -0,147 1,112
7,328 -4,502E-2 1,123
7,345 2,440E-2 1,111
7,362 0,155 1,119
7,378 0,234 1,108
7,395 0,349 1,113
7,412 0,426 1,104
7,428 0,531 1,114
7,445 0,682 1,119
7,462 0,787 1,126
7,478 0,891 1,107
7,495 1,031 1,114
7,512 1,166 1,120
7,528 1,244 1,109
7,545 1,376 1,116
7,562 1,483 1,124
7,578 1,574 1,110
7,595 1,709 1,115
7,612 1,786 1,103
7,628 1,884 1,114
7,645 1,936 1,109
7,662 2,051 1,115
7,678 2,076 1,113
7,695 2,190 1,122
7,712 2,233 1,114
7,728 2,250 1,111
7,745 2,285 1,109
7,762 2,314 1,104
7,778 2,296 1,107
7,795 2,314 1,102
7,812 2,277 1,105
7,828 2,258 1,108
7,845 2,240 1,108
7,862 2,230 1,108
7,878 2,209 1,109
7,895 2,151 1,110
7,912 2,085 1,102
7,928 2,050 1,106
7,945 1,974 1,099
7,962 1,888 1,108
7,978 1,772 1,101
7,995 1,707 1,108
8,012 1,567 1,106
8,028 1,495 1,113
8,045 1,385 1,103
8,062 1,268 1,097
8,078 1,165 1,106
8,095 1,043 1,104
8,112 0,894 1,103
8,128 0,824 1,113
8,145 0,696 1,109
8,162 0,557 1,103
8,178 0,486 1,115
8,195 0,355 1,111
8,212 0,229 1,106
8,228 0,158 1,116
8,245 2,048E-2 1,112
8,262 -2,851E-2 1,121
8,278 -0,147 1,112
8,295 -0,190 1,122
8,312 -0,307 1,111
8,328 -0,337 1,119
8,345 -0,379 1,125
8,362 -0,450 1,110
8,378 -0,495 1,115
8,395 -0,504 1,117
8,412 -0,506 1,118
8,428 -0,509 1,121
8,445 -0,506 1,118
8,462 -0,504 1,116
8,478 -0,501 1,115
8,495 -0,490 1,114
8,512 -0,468 1,112
8,528 -0,394 1,128
8,545 -0,332 1,116
8,562 -0,303 1,115
8,578 -0,177 1,121
8,595 -0,140 1,114
8,612 -1,151E-2 1,122
8,628 3,436E-2 1,113
8,645 0,173 1,121
8,662 0,233 1,110
8,678 0,352 1,116
8,695 0,496 1,122
8,712 0,551 1,117
8,728 0,697 1,116
8,745 0,848 1,120
8,762 0,944 1,108
8,778 1,042 1,115
8,795 1,181 1,119
8,812 1,260 1,111
8,828 1,382 1,114
8,845 1,509 1,121
8,862 1,585 1,114
8,878 1,712 1,119
8,895 1,782 1,115
8,912 1,886 1,119
8,928 1,934 1,112
8,945 2,050 1,119
8,962 2,075 1,114
8,978 2,169 1,122
8,995 2,229 1,115
9,012 2,246 1,113
9,028 2,272 1,110
9,045 2,271 1,109
9,062 2,298 1,108
9,078 2,271 1,109
9,095 2,257 1,110
9,112 2,246 1,110
9,128 2,234 1,112
9,145 2,223 1,113
9,162 2,188 1,116
9,178 2,100 1,104
9,195 2,065 1,109
9,212 2,017 1,108
9,228 1,909 1,102
9,245 1,864 1,110
9,262 1,741 1,104
9,278 1,695 1,112
9,295 1,565 1,106
9,312 1,481 1,114
9,328 1,379 1,107
9,345 1,252 1,097
9,362 1,174 1,113
9,378 1,041 1,107
9,395 0,904 1,092
9,412 0,844 1,116
9,428 0,699 1,110
9,445 0,555 1,103
9,462 0,507 1,114
9,478 0,358 1,110
9,495 0,283 1,119
9,512 0,184 1,113
9,528 4,643E-2 1,104
9,545 7,309E-4 1,113
9,562 -0,125 1,107
9,578 -0,168 1,116
9,595 -0,277 1,107
9,612 -0,326 1,112
9,628 -0,344 1,117
9,645 -0,405 1,123
9,662 -0,455 1,109
9,678 -0,492 1,112
9,695 -0,496 1,113
9,712 -0,497 1,113
9,728 -0,497 1,114
9,745 -0,497 1,114
9,762 -0,488 1,114
9,778 -0,464 1,112
9,795 -0,394 1,125
9,812 -0,332 1,116
9,828 -0,316 1,114
9,845 -0,196 1,123
9,862 -0,149 1,114
9,878 -3,770E-2 1,125
9,895 2,148E-2 1,113
9,912 0,149 1,122
9,928 0,203 1,113
9,945 0,348 1,115
9,962 0,420 1,108
9,978 0,530 1,112
9,995 0,668 1,122
10,012 0,748 1,108
10,028 0,870 1,112
10,045 1,020 1,116
10,062 1,086 1,112
10,078 1,209 1,114
10,095 1,356 1,116
10,112 1,408 1,111
10,128 1,547 1,116
10,145 1,616 1,108
10,162 1,719 1,114
10,178 1,834 1,126
10,195 1,899 1,114
10,212 2,011 1,124
10,228 2,066 1,110
10,245 2,095 1,107
10,262 2,197 1,123
10,278 2,234 1,113
10,295 2,250 1,110
10,312 2,258 1,107
10,328 2,270 1,107
10,345 2,278 1,103
10,362 2,256 1,106
10,378 2,247 1,108
10,395 2,237 1,107
10,412 2,225 1,109
10,428 2,198 1,111
10,445 2,132 1,097
10,462 2,068 1,107
10,478 2,033 1,110
10,495 1,919 1,100
10,512 1,879 1,108
10,528 1,759 1,098
10,545 1,707 1,104
10,562 1,572 1,098
10,578 1,493 1,111
10,595 1,385 1,102
10,612 1,249 1,094
10,628 1,183 1,108
10,645 1,043 1,108
10,662 0,899 1,102
10,678 0,808 1,113
10,695 0,699 1,107
10,712 0,556 1,099
10,728 0,499 1,113
10,745 0,357 1,110
10,762 0,240 1,097
10,778 0,161 1,114
10,795 2,741E-2 1,108
10,812 -3,002E-2 1,115
10,828 -0,147 1,108
10,845 -0,187 1,118
10,862 -0,311 1,107
10,878 -0,333 1,113
10,895 -0,396 1,129
10,912 -0,462 1,108
10,928 -0,497 1,114
10,945 -0,508 1,118
10,962 -0,515 1,122
10,978 -0,511 1,119
10,995 -0,511 1,118
11,012 -0,507 1,116
11,028 -0,501 1,114
11,045 -0,493 1,115
11,062 -0,470 1,112
11,078 -0,419 1,107
11,095 -0,357 1,122
11,112 -0,322 1,115
11,128 -0,260 1,107
11,145 -0,164 1,117
11,162 -0,121 1,108
11,178 1,628E-3 1,116
11,195 4,953E-2 1,110
11,212 0,179 1,113
11,228 0,274 1,116
11,245 0,376 1,112
11,262 0,520 1,118
11,278 0,648 1,118
11,295 0,734 1,112
11,312 0,864 1,114
11,328 0,999 1,119
11,345 1,077 1,112
11,362 1,208 1,117
11,378 1,326 1,121
11,395 1,406 1,115
11,412 1,545 1,116
11,428 1,623 1,112
11,445 1,719 1,117
11,462 1,777 1,112
11,478 1,886 1,117
11,495 1,929 1,112
11,512 2,040 1,123
11,528 2,067 1,115
11,545 2,092 1,112
11,562 2,149 1,110
11,578 2,205 1,117
11,595 2,232 1,114
11,612 2,236 1,113
11,628 2,237 1,113
11,645 2,237 1,112
11,662 2,235 1,110
11,678 2,230 1,113
11,695 2,207 1,114
11,712 2,136 1,106
11,728 2,073 1,110
11,745 2,049 1,109
11,762 1,943 1,106
11,778 1,890 1,111
11,795 1,792 1,097
11,812 1,719 1,105
11,828 1,596 1,099
11,845 1,534 1,109
11,861 1,397 1,105
11,878 1,288 1,099
11,895 1,198 1,112
11,911 1,052 1,108
11,928 0,951 1,103
11,945 0,847 1,109
11,962 0,703 1,108
11,978 0,570 1,102
11,995 0,497 1,118
12,011 0,367 1,110
12,028 0,234 1,106
12,045 0,172 1,115
12,062 3,329E-2 1,109
12,078 -2,184E-2 1,121
12,095 -0,145 1,111
12,111 -0,186 1,120
12,128 -0,310 1,111
12,145 -0,340 1,118
12,161 -0,398 1,126
12,178 -0,473 1,112
12,195 -0,499 1,116
12,211 -0,510 1,119
12,228 -0,529 1,130
12,245 -0,522 1,125
12,261 -0,517 1,124
12,278 -0,511 1,121
12,295 -0,506 1,119
12,311 -0,495 1,116
12,328 -0,486 1,117
12,345 -0,464 1,113
12,361 -0,397 1,131
12,378 -0,329 1,116
12,395 -0,278 1,110
12,411 -0,175 1,121
12,428 -0,134 1,113
12,445 -7,997E-3 1,121
12,461 3,681E-2 1,112
12,478 0,170 1,125
12,495 0,224 1,114
12,511 0,355 1,115
12,528 0,485 1,127
12,545 0,566 1,112
12,561 0,693 1,116
12,578 0,834 1,123
12,595 0,893 1,115
12,611 1,037 1,115
12,628 1,183 1,123
12,645 1,239 1,113
12,661 1,376 1,117
12,678 1,468 1,127
12,695 1,564 1,111
12,711 1,704 1,121
12,728 1,750 1,112
12,745 1,877 1,119
12,761 1,917 1,111
12,778 2,026 1,126
12,795 2,068 1,112
12,811 2,092 1,110
12,828 2,191 1,126
12,845 2,231 1,116
12,861 2,239 1,111
12,878 2,244 1,113
12,895 2,253 1,107
12,911 2,248 1,108
12,928 2,243 1,109
12,945 2,235 1,113
12,961 2,230 1,111
12,978 2,209 1,113
12,995 2,151 1,115
13,011 2,084 1,102
13,028 2,061 1,108
13,045 1,958 1,098
13,061 1,890 1,105
13,078 1,813 1,108
13,095 1,726 1,105
13,111 1,658 1,109
13,128 1,558 1,104
13,145 1,438 1,091
13,161 1,365 1,106
13,178 1,219 1,104
13,195 1,105 1,097
13,211 1,023 1,111
13,228 0,872 1,107
13,245 0,768 1,098
13,261 0,667 1,112
13,278 0,535 1,104
13,295 0,430 1,099
13,311 0,340 1,109
13,328 0,198 1,109
13,345 0,156 1,116
13,361 2,429E-2 1,108
13,378 -2,661E-2 1,115
13,395 -0,144 1,109
13,411 -0,178 1,117
13,428 -0,276 1,104
13,445 -0,328 1,112
13,461 -0,354 1,120
13,478 -0,400 1,123
13,495 -0,442 1,108
13,511 -0,477 1,112
13,528 -0,488 1,113
13,545 -0,498 1,115
13,561 -0,495 1,112
13,578 -0,495 1,112
13,595 -0,486 1,114
13,611 -0,454 1,111
13,628 -0,381 1,124
13,645 -0,332 1,115
13,661 -0,306 1,113
13,678 -0,201 1,121
13,695 -0,150 1,112
13,711 -2,730E-2 1,122
13,728 2,256E-2 1,112
13,745 0,154 1,120
13,761 0,201 1,110
13,778 0,344 1,113
13,795 0,438 1,107
13,811 0,523 1,115
13,828 0,672 1,119
13,845 0,716 1,111
13,861 0,864 1,116
13,878 0,997 1,125
13,895 1,072 1,111
13,911 1,201 1,118
13,928 1,326 1,123
13,945 1,398 1,112
13,961 1,530 1,122
13,978 1,584 1,110
13,995 1,712 1,117
14,011 1,760 1,108
14,028 1,879 1,116
14,045 1,908 1,113
14,061 2,015 1,121
14,078 2,063 1,112
14,095 2,082 1,109
14,111 2,128 1,105
14,128 2,188 1,117
14,145 2,223 1,112
14,161 2,232 1,111
14,178 2,233 1,111
14,195 2,234 1,111
14,211 2,230 1,108
14,228 2,227 1,110
14,245 2,207 1,111
14,261 2,148 1,096
14,278 2,072 1,107
14,295 2,049 1,106
14,311 1,941 1,101
14,328 1,892 1,107
14,345 1,804 1,097
14,361 1,719 1,110
14,378 1,601 1,097
14,395 1,536 1,104
14,411 1,404 1,094
14,428 1,339 1,105
14,445 1,211 1,105
14,461 1,085 1,099
14,478 1,002 1,110
14,495 0,872 1,106
14,511 0,753 1,101
14,528 0,658 1,116
14,545 0,533 1,107
14,561 0,396 1,100
14,578 0,342 1,112
14,595 0,198 1,109
14,611 0,146 1,118
14,628 2,006E-2 1,111
14,645 -3,844E-2 1,120
14,661 -0,148 1,111
14,678 -0,183 1,120
14,695 -0,291 1,107
14,711 -0,330 1,114
14,728 -0,355 1,121
14,744 -0,423 1,106
14,761 -0,491 1,113
14,778 -0,501 1,115
14,795 -0,505 1,118
14,811 -0,504 1,117
14,828 -0,503 1,116
14,844 -0,501 1,115
14,861 -0,496 1,118
14,878 -0,482 1,114
14,894 -0,444 1,110
14,911 -0,380 1,127
14,928 -0,330 1,116
14,944 -0,295 1,109
14,961 -0,177 1,119
14,978 -0,142 1,113
14,995 -1,106E-2 1,120
15,011 3,396E-2 1,114
15,028 0,160 1,122
15,044 0,217 1,113
15,061 0,345 1,119
15,078 0,474 1,124
15,094 0,545 1,118
15,111 0,692 1,117
15,128 0,826 1,124
15,144 0,886 1,119
15,161 1,035 1,118
15,178 1,160 1,121
15,194 1,227 1,116
15,211 1,374 1,119
15,228 1,448 1,112
15,244 1,550 1,117
15,261 1,650 1,127
15,278 1,730 1,114
15,294 1,845 1,124
15,311 1,903 1,113
15,328 2,013 1,121
15,344 2,061 1,115
15,361 2,087 1,112
15,378 2,134 1,109
15,394 2,204 1,122
15,411 2,230 1,112
15,428 2,236 1,114
15,444 2,237 1,113
15,461 2,237 1,113
15,478 2,237 1,112
15,494 2,236 1,112
15,511 2,223 1,113
15,528 2,201 1,115
15,544 2,144 1,102
15,561 2,072 1,109
15,578 2,049 1,108
15,594 1,959 1,096
15,611 1,888 1,109
15,628 1,778 1,099
15,644 1,715 1,110
15,661 1,606 1,100
15,678 1,537 1,112
15,694 1,399 1,105
15,711 1,327 1,116
15,728 1,213 1,106
15,744 1,100 1,100
15,761 0,994 1,116
15,778 0,879 1,109
15,794 0,745 1,103
15,811 0,671 1,112
15,828 0,535 1,106
15,844 0,430 1,100
15,861 0,346 1,110
15,878 0,220 1,104
15,894 0,165 1,117
15,911 2,797E-2 1,111
15,928 -1,135E-2 1,118
15,944 -0,133 1,111
15,961 -0,170 1,118
15,978 -0,230 1,125
15,994 -0,301 1,109
16,011 -0,329 1,115
16,028 -0,345 1,118
16,044 -0,375 1,131
16,061 -0,364 1,128
16,078 -0,386 1,133
16,094 -0,366 1,126
16,111 -0,347 1,122
16,128 -0,336 1,117
16,144 -0,324 1,113
16,161 -0,309 1,112
16,178 -0,266 1,107
16,194 -0,204 1,123
16,211 -0,155 1,116
16,228 -0,110 1,108
16,244 -6,499E-3 1,121
16,261 3,519E-2 1,113
16,278 0,160 1,120
16,294 0,206 1,110
16,311 0,338 1,118
16,328 0,390 1,110
16,344 0,523 1,113
16,361 0,616 1,127
16,378 0,726 1,110
16,394 0,855 1,116
16,411 0,978 1,124
16,428 1,069 1,111
16,444 1,203 1,115
16,461 1,309 1,122
16,478 1,395 1,113
16,494 1,541 1,116
16,511 1,594 1,107
16,528 1,715 1,114
16,544 1,770 1,107
16,561 1,884 1,116
16,578 1,925 1,110
16,594 2,040 1,120
16,611 2,069 1,114
16,628 2,121 1,104
16,644 2,187 1,118
16,661 2,233 1,113
16,678 2,245 1,110
16,694 2,248 1,109
16,711 2,271 1,107
16,728 2,259 1,107
16,744 2,250 1,109
16,761 2,241 1,108
16,778 2,233 1,107
16,794 2,227 1,111
16,811 2,201 1,112
16,828 2,109 1,094
16,844 2,068 1,106
16,861 2,017 1,110
16,878 1,925 1,097
16,894 1,883 1,102
16,911 1,763 1,094
16,928 1,711 1,107
16,944 1,576 1,095
16,961 1,528 1,107
16,978 1,387 1,104
16,994 1,275 1,092
17,011 1,192 1,110
17,028 1,051 1,104
17,044 0,925 1,099
17,061 0,859 1,110
17,078 0,705 1,106
17,094 0,629 1,109
17,111 0,527 1,108
17,128 0,396 1,098
17,144 0,333 1,114
17,161 0,200 1,103
17,178 0,157 1,113
17,195 2,846E-2 1,106
17,211 -1,591E-2 1,115
17,228 -0,137 1,108
17,244 -0,165 1,116
17,261 -0,241 1,121
17,278 -0,304 1,107
17,294 -0,328 1,112
17,311 -0,343 1,116
17,328 -0,370 1,126
17,344 -0,361 1,123
17,361 -0,353 1,121
17,378 -0,350 1,119
17,394 -0,342 1,117
17,411 -0,333 1,117
17,428 -0,322 1,113
17,444 -0,310 1,106
17,461 -0,260 1,104
17,478 -0,186 1,121
17,494 -0,157 1,113
17,511 -7,771E-2 1,106
17,528 -8,649E-4 1,122
17,544 3,539E-2 1,112
17,561 0,164 1,121
17,578 0,210 1,111
17,594 0,340 1,118
17,611 0,419 1,104
17,628 0,523 1,115
17,644 0,619 1,127
17,661 0,724 1,111
17,678 0,859 1,113
17,694 0,945 1,108
17,711 1,040 1,114
17,728 1,171 1,120
17,744 1,239 1,111
17,761 1,372 1,116
17,778 1,440 1,108
17,794 1,550 1,114
17,811 1,634 1,105
17,828 1,716 1,115
17,844 1,772 1,107
17,861 1,877 1,118
17,878 1,907 1,111
17,894 1,982 1,124
17,911 2,060 1,114
17,928 2,075 1,111
17,944 2,104 1,110
17,961 2,166 1,120
17,978 2,215 1,113
17,994 2,224 1,113
18,011 2,229 1,112
18,028 2,231 1,111
18,044 2,231 1,111
18,061 2,210 1,114
18,078 2,175 1,115
18,094 2,110 1,094
18,111 2,067 1,106
18,128 2,048 1,108
18,144 1,929 1,097
18,161 1,889 1,106
18,178 1,790 1,096
18,194 1,717 1,109
18,211 1,594 1,102
18,228 1,538 1,109
18,244 1,397 1,107
18,261 1,348 1,112
18,278 1,212 1,108
18,294 1,119 1,092
18,311 1,012 1,110
18,328 0,870 1,109
18,344 0,799 1,117
18,361 0,695 1,110
18,378 0,566 1,103
18,394 0,500 1,116
18,411 0,362 1,109
18,427 0,285 1,120
18,444 0,191 1,111
18,461 0,133 1,120
18,477 2,362E-2 1,110
18,494 -1,802E-2 1,119
18,511 -0,118 1,106
18,527 -0,165 1,116
18,544 -0,207 1,122
18,561 -0,287 1,108
18,578 -0,325 1,113
18,594 -0,336 1,117
18,611 -0,335 1,117
18,628 -0,339 1,118
18,644 -0,343 1,123
18,661 -0,338 1,119
18,678 -0,329 1,115
18,694 -0,324 1,116
18,711 -0,312 1,112
18,727 -0,274 1,109
18,744 -0,203 1,125
18,761 -0,158 1,115
18,777 -0,106 1,109
18,794 -7,350E-3 1,124
18,811 2,866E-2 1,113
18,828 0,153 1,123
18,844 0,201 1,111
18,861 0,333 1,121
18,878 0,383 1,111
18,894 0,517 1,119
18,911 0,623 1,131
18,928 0,706 1,114
18,944 0,861 1,116
18,961 0,917 1,110
18,977 1,041 1,113
18,994 1,168 1,121
19,011 1,246 1,109
19,027 1,375 1,117
19,044 1,482 1,128
19,061 1,561 1,113
19,078 1,700 1,123
19,094 1,742 1,112
19,111 1,875 1,120
19,128 1,915 1,111
19,144 2,032 1,122
19,161 2,066 1,114
19,178 2,112 1,105
19,194 2,189 1,118
19,211 2,232 1,113
19,227 2,245 1,110
19,244 2,250 1,112
19,261 2,264 1,105
19,277 2,258 1,108
19,294 2,251 1,108
19,311 2,246 1,109
19,328 2,235 1,113
19,344 2,229 1,111
19,361 2,208 1,114
19,378 2,145 1,099
19,394 2,071 1,109
19,411 2,043 1,109
19,428 1,941 1,099
19,444 1,885 1,110
19,461 1,793 1,093
19,477 1,717 1,108
19,494 1,602 1,100
19,511 1,538 1,107
19,527 1,402 1,099
19,544 1,334 1,110
19,561 1,214 1,106
19,577 1,102 1,100
19,594 1,023 1,112
19,611 0,879 1,106
19,627 0,764 1,090
19,644 0,690 1,109
19,661 0,543 1,105
19,677 0,488 1,114
19,694 0,365 1,107
19,711 0,288 1,120
19,727 0,192 1,110
19,744 0,139 1,119
19,761 2,721E-2 1,109
19,777 -5,443E-3 1,117
