t x y
3.832 11.08 2.584
3.865 10.70 2.521
3.898 10.01 2.393
3.931 9.199 2.249
3.964 8.244 2.038
3.997 7.017 1.978
4.030 5.640 1.791
4.063 4.172 1.630
4.096 2.539 1.578
4.129 0.895 1.548
4.162 -0.721 1.574
4.195 -2.377 1.607
4.228 -3.983 1.709
4.261 -5.462 1.935
4.294 -6.853 2.040
4.327 -8.094 2.224
4.360 -9.173 2.371
4.393 -9.878 2.560
4.426 -10.60 2.708
4.459 -11.05 2.892
4.492 -11.29 2.940
4.525 -11.40 2.964
4.558 -11.25 2.909
4.591 -10.87 2.804
4.624 -10.36 2.654
4.657 -9.589 2.525
4.690 -8.667 2.359
4.724 -7.573 2.185
4.757 -6.250 1.983
4.790 -4.827 1.809
4.823 -3.322 1.646
4.856 -1.644 1.555
4.889 6.864e-2 1.562
4.922 1.702 1.574
4.955 3.318 1.597
4.988 4.908 1.756
5.021 6.280 1.855
5.054 7.517 1.994
5.087 8.564 2.166
5.120 9.477 2.317
5.153 10.12 2.396
5.186 10.67 2.555
5.219 10.90 2.572
5.252 10.87 2.590
5.285 10.71 2.557
5.318 10.28 2.447
5.351 9.588 2.368
5.384 8.814 2.213
5.417 7.758 2.030
5.450 6.552 1.831
5.483 5.286 1.750
5.516 3.759 1.613
5.549 2.147 1.578
5.582 0.604 1.554
5.615 -1.092 1.591
5.648 -2.752 1.618
5.681 -4.295 1.753
5.714 -5.751 1.929
5.747 -7.127 2.103
5.780 -8.300 2.315
5.813 -9.282 2.423
5.846 -10.06 2.600
5.879 -10.67 2.762
5.912 -11.06 2.911
5.945 -11.26 2.944
5.978 -11.24 2.945
6.011 -11.04 2.934
6.044 -10.68 2.813
6.077 -10.09 2.606
6.111 -9.392 2.451
6.144 -8.456 2.249
6.177 -7.227 2.034
6.210 -5.875 1.857
6.243 -4.490 1.738
6.276 -2.882 1.616
6.309 -1.256 1.573
6.342 0.335 1.538
6.375 1.973 1.587
6.408 3.600 1.602
6.441 5.060 1.740
6.474 6.441 1.855
6.507 7.718 1.986
6.540 8.753 2.158
6.573 9.592 2.343
6.606 10.22 2.401
6.639 10.79 2.563
6.672 11.02 2.572
6.705 11.03 2.577
6.738 10.77 2.522
6.771 10.27 2.450
6.804 9.646 2.350
6.837 8.645 2.187
6.870 7.521 1.993
6.903 6.442 1.919
6.936 4.946 1.764
6.969 3.445 1.713
7.002 1.919 1.649
7.035 0.241 1.607
7.068 -1.465 1.614
7.101 -2.997 1.684
7.134 -4.585 1.799
7.167 -5.989 1.928
7.200 -7.272 2.183
7.233 -8.382 2.302
7.266 -9.391 2.519
7.299 -10.23 2.645
7.332 -10.77 2.776
7.365 -11.15 2.866
7.398 -11.37 2.844
7.431 -11.34 2.835
7.465 -11.14 2.776
7.498 -10.67 2.644
7.531 -10.01 2.433
7.564 -9.287 2.348
7.597 -8.207 2.180
7.630 -7.022 1.978
7.663 -5.738 1.812
7.696 -4.209 1.622
7.729 -2.599 1.572
7.762 -1.038 1.463
7.795 0.661 1.457
7.828 2.325 1.453
7.861 3.854 1.558
7.894 5.365 1.632
7.927 6.808 1.791
7.960 8.017 1.946
7.993 8.925 2.020
8.026 9.722 2.163
8.059 10.25 2.250
8.092 10.70 2.348
8.125 10.86 2.373
8.158 10.79 2.373
8.191 10.58 2.329
8.224 10.02 2.215
8.257 9.337 2.146
8.290 8.364 1.978
8.323 7.288 1.822
8.356 5.987 1.637
8.389 4.580 1.558
8.422 3.120 1.526
8.455 1.499 1.424
8.488 -0.209 1.399
8.521 -1.775 1.431
8.554 -3.408 1.453
8.587 -4.998 1.617
8.620 -6.330 1.762
8.653 -7.655 1.940
8.686 -8.726 2.173
8.719 -9.658 2.336
8.752 -10.48 2.525
8.785 -10.86 2.581
8.818 -11.24 2.673
8.851 -11.34 2.692
8.885 -11.24 2.721
8.918 -11.02 2.602
8.951 -10.57 2.534
8.984 -9.886 2.365
9.017 -9.026 2.207
9.050 -8.001 2.004
9.083 -6.781 1.826
9.116 -5.368 1.683
9.149 -3.861 1.537
9.182 -2.373 1.417
9.215 -0.669 1.361
9.248 0.993 1.359
9.281 2.526 1.401
9.314 4.120 1.477
9.347 5.566 1.602
9.380 6.856 1.739
9.413 8.068 1.894
9.446 8.976 2.013
9.479 9.736 2.168
9.512 10.17 2.206
9.545 10.55 2.209
9.578 10.81 2.332
9.611 10.74 2.350
9.644 10.28 2.214
9.677 9.749 2.149
9.710 8.993 2.018
9.743 8.144 1.906
9.776 6.967 1.775
9.809 5.675 1.612
9.842 4.287 1.539
9.875 2.728 1.490
9.908 1.131 1.390
9.941 -0.441 1.390
9.974 -2.132 1.436
10.007 -3.741 1.548
10.040 -5.167 1.616
10.073 -6.532 1.800
10.106 -7.842 1.981
10.139 -8.827 2.176
10.172 -9.684 2.305
10.205 -10.28 2.458
10.238 -10.84 2.525
10.272 -11.05 2.612
10.305 -11.21 2.598
10.338 -11.15 2.589
10.371 -10.86 2.529
10.404 -10.38 2.380
10.437 -9.629 2.239
10.470 -8.860 2.063
10.503 -7.674 1.889
10.536 -6.423 1.735
10.569 -5.056 1.600
10.602 -3.565 1.425
10.635 -1.917 1.362
10.668 -0.279 1.368
10.701 1.306 1.373
10.734 2.916 1.402
10.767 4.462 1.518
10.800 5.809 1.601
10.833 7.002 1.766
10.866 8.210 1.939
10.899 9.066 2.056
10.932 9.756 2.171
10.965 10.28 2.185
10.998 10.56 2.315
11.031 10.63 2.367
11.064 10.55 2.318
11.097 10.08 2.241
11.130 9.532 2.156
11.163 8.755 1.993
11.196 7.765 1.874
11.229 6.717 1.684
11.262 5.375 1.574
11.295 3.912 1.431
11.328 2.389 1.385
11.361 0.812 1.357
11.394 -0.842 1.381
11.427 -2.450 1.409
11.460 -3.959 1.512
11.493 -5.471 1.644
11.526 -6.828 1.842
11.559 -7.893 2.001
11.593 -8.957 2.165
11.626 -9.806 2.332
11.659 -10.40 2.469
11.692 -10.86 2.553
11.725 -11.17 2.574
11.758 -11.18 2.598
11.791 -11.05 2.562
11.824 -10.65 2.501
11.857 -10.08 2.355
11.890 -9.437 2.184
11.923 -8.465 2.095
11.956 -7.275 1.941
11.989 -6.083 1.767
12.022 -4.710 1.601
12.055 -3.169 1.423
12.088 -1.601 1.377
12.121 -1.551e-2 1.370
12.154 1.665 1.385
12.187 3.247 1.436
12.220 4.653 1.498
12.253 6.105 1.632
12.286 7.397 1.772
12.319 8.297 1.949
12.352 9.150 2.067
12.385 9.781 2.193
12.418 10.25 2.211
12.451 10.51 2.209
12.484 10.52 2.195
12.517 10.32 2.191
12.550 9.946 2.155
12.583 9.330 2.021
12.616 8.532 1.934
12.649 7.547 1.781
12.682 6.344 1.614
12.715 4.966 1.542
12.748 3.575 1.457
12.781 2.050 1.377
12.814 0.418 1.353
12.847 -1.139 1.388
12.880 -2.717 1.411
12.913 -4.260 1.531
12.946 -5.655 1.700
12.979 -6.899 1.837
13.013 -8.069 1.997
13.046 -9.035 2.186
13.079 -9.677 2.357
13.112 -10.38 2.409
13.145 -10.80 2.528
13.178 -11.00 2.590
13.211 -10.99 2.585
13.244 -10.83 2.555
13.277 -10.43 2.413
13.310 -9.855 2.329
13.343 -9.091 2.188
13.376 -8.086 2.015
13.409 -7.037 1.829
13.442 -5.685 1.662
13.475 -4.255 1.471
13.508 -2.782 1.362
13.541 -1.157 1.335
13.574 0.461 1.352
13.607 2.020 1.360
13.640 3.501 1.408
13.673 5.017 1.546
13.706 6.345 1.616
13.739 7.485 1.758
13.772 8.596 1.962
13.805 9.373 2.006
13.838 9.907 2.146
13.871 10.31 2.182
13.904 10.46 2.202
13.937 10.48 2.194
13.970 10.24 2.186
14.003 9.887 2.122
14.036 9.132 1.988
14.069 8.301 1.816
14.102 7.264 1.744
14.135 6.026 1.618
14.168 4.713 1.539
14.201 3.243 1.411
14.234 1.699 1.356
14.267 0.182 1.361
14.300 -1.449 1.416
14.334 -3.074 1.424
14.367 -4.500 1.589
14.400 -5.902 1.673
14.433 -7.170 1.816
14.466 -8.252 1.983
14.499 -9.118 2.160
14.532 -9.864 2.311
14.565 -10.45 2.418
14.598 -10.79 2.516
14.631 -10.98 2.536
14.664 -10.97 2.545
14.697 -10.68 2.545
14.730 -10.28 2.388
14.763 -9.661 2.238
14.796 -8.968 2.055
14.829 -7.898 1.969
14.862 -6.672 1.774
14.895 -5.374 1.598
14.928 -4.007 1.476
14.961 -2.427 1.381
14.994 -0.803 1.306
15.027 0.687 1.347
15.060 2.308 1.369
15.093 3.864 1.425
15.126 5.242 1.561
15.159 6.635 1.737
15.192 7.757 1.790
15.225 8.797 1.971
15.258 9.617 2.104
15.291 10.19 2.198
15.324 10.42 2.209
15.357 10.51 2.182
15.390 10.42 2.187
15.423 10.30 2.171
15.456 9.847 2.121
15.489 9.024 1.976
15.522 8.027 1.855
15.555 7.033 1.646
15.588 5.805 1.557
15.621 4.341 1.403
15.654 2.920 1.329
15.687 1.413 1.361
15.720 -0.239 1.379
15.754 -1.824 1.383
15.787 -3.337 1.429
15.820 -4.880 1.545
15.853 -6.248 1.658
15.886 -7.444 1.819
15.919 -8.475 2.008
15.952 -9.359 2.156
15.985 -10.06 2.257
16.018 -10.48 2.360
16.051 -10.85 2.410
16.084 -10.96 2.394
16.117 -10.88 2.405
16.150 -10.61 2.293
16.183 -10.19 2.221
16.216 -9.577 2.150
16.249 -8.737 1.989
16.282 -7.681 1.809
16.315 -6.506 1.647
16.348 -5.229 1.431
16.381 -3.670 1.331
16.414 -2.128 1.329
16.447 -0.547 1.266
16.480 1.111 1.223
16.513 2.676 1.335
16.546 4.081 1.379
16.579 5.525 1.463
16.612 6.842 1.598
16.645 7.860 1.622
16.678 8.850 1.773
16.711 9.645 1.903
16.744 10.20 1.974
16.777 10.59 1.957
16.810 10.70 1.943
16.843 10.58 1.930
16.876 10.24 1.270
16.909 9.590 1.507
16.942 8.786 1.701
16.975 7.873 1.479
17.008 6.707 1.407
17.041 5.421 1.330
17.074 4.077 1.271
17.107 2.560 1.171
17.141 0.977 1.135
17.174 -0.586 1.153
17.207 -2.086 1.195
17.240 -3.668 1.251
17.273 -5.089 1.392
17.306 -6.290 1.591
17.339 -7.497 1.782
17.372 -8.618 1.799
17.405 -9.406 1.954
17.438 -9.990 2.105
17.471 -10.46 2.228
17.504 -10.79 2.192
17.537 -10.89 2.155
17.570 -10.76 2.139
17.603 -10.47 2.166
17.636 -9.983 1.960
17.669 -9.243 1.955
17.702 -8.394 1.744
17.735 -7.432 1.578
17.768 -6.183 1.334
17.801 -4.819 1.208
17.834 -3.409 1.146
17.867 -1.811 1.143
17.900 -0.188 1.087
17.933 1.348 1.092
17.966 2.886 1.127
17.999 4.360 1.247
18.032 5.747 1.280
18.065 6.945 1.347
18.098 7.984 1.568
18.131 8.954 1.543
18.164 9.675 1.456
18.197 10.13 1.612
18.230 10.52 1.280
18.263 10.57 1.273
18.296 10.46 1.054
18.329 9.966 1.369
18.362 9.306 1.441
18.395 8.507 1.392
18.428 7.496 1.318
18.461 6.320 1.333
18.495 5.120 1.218
18.528 3.669 1.188
18.561 2.151 1.145
18.594 0.694 1.130
18.627 -0.913 1.165
18.660 -2.468 1.166
18.693 -3.963 1.219
18.726 -5.405 1.323
18.759 -6.665 1.558
18.792 -7.844 1.677
18.825 -8.802 1.741
18.858 -9.520 1.910
18.891 -10.20 1.968
18.924 -10.63 2.014
18.957 -10.82 2.142
18.990 -10.83 2.175
19.023 -10.65 2.164
19.056 -10.40 1.977
19.089 -9.799 1.899
19.122 -9.085 1.796
19.155 -8.231 1.586
19.188 -7.097 1.468
19.221 -5.847 1.253
19.254 -4.474 1.174
19.287 -2.910 1.162
19.320 -1.329 1.171
19.353 0.142 1.096
19.386 1.746 1.121
19.419 3.288 1.213
19.452 4.700 1.248
19.485 6.050 1.361
19.518 7.260 1.517
19.551 8.265 1.595
19.584 9.101 1.729
19.617 9.807 1.857
19.650 10.24 1.853
19.683 10.44 1.818
19.716 10.43 1.812
19.749 10.25 1.204
19.782 9.804 1.540
19.815 9.084 1.572
19.848 8.237 1.524
19.882 7.265 1.420
19.915 6.100 1.322
19.948 4.737 1.220
19.981 3.323 1.153
20.014 1.898 1.126
20.047 0.309 1.132
20.080 -1.269 1.167
20.113 -2.699 1.209
20.146 -4.231 1.256
20.179 -5.679 1.374
20.212 -6.862 1.549
20.245 -8.041 1.590
20.278 -8.929 1.709
20.311 -9.618 1.897
20.344 -10.22 1.983
20.377 -10.62 2.047
20.410 -10.83 2.024
20.443 -10.83 2.021
20.476 -10.63 2.020
20.509 -10.19 1.923
20.542 -9.641 1.805
20.575 -8.843 1.755
20.608 -7.875 1.598
20.641 -6.846 1.337
20.674 -5.571 1.231
20.707 -4.080 1.158
20.740 -2.594 1.112
20.773 -1.089 1.116
20.806 0.491 1.069
20.839 2.064 1.112
20.872 3.491 1.158
20.905 4.924 1.215
20.938 6.281 1.240
20.971 7.382 1.322
21.004 8.356 1.473
21.037 9.237 1.191
21.070 9.841 1.238
21.103 10.23 1.162
21.136 10.42 1.109
21.169 10.41 1.399
21.202 10.19 1.875
21.235 9.620 1.572
21.269 8.896 1.235
21.302 8.071 1.269
21.335 6.974 1.361
21.368 5.731 1.258
21.401 4.445 1.207
21.434 2.990 1.164
21.467 1.471 1.147
21.500 -5.631e-2 1.058
21.533 -1.555 1.110
21.566 -3.110 1.190
21.599 -4.616 1.248
21.632 -5.879 1.366
21.665 -7.084 1.556
21.698 -8.225 1.602
21.731 -9.038 1.818
21.764 -9.641 1.950
21.797 -10.20 1.915
21.830 -10.60 2.005
21.863 -10.63 2.140
21.896 -10.60 2.128
21.929 -10.43 1.988
21.962 -10.02 1.919
21.995 -9.414 1.789
22.028 -8.613 1.544
22.061 -7.641 1.536
22.094 -6.455 1.372
22.127 -5.084 1.311
22.160 -3.728 1.205
22.193 -2.255 1.120
22.226 -0.679 1.099
22.259 0.859 1.158
22.292 2.342 1.116
22.325 3.852 1.281
22.358 5.229 1.331
22.391 6.471 1.377
22.424 7.642 1.533
22.457 8.599 1.602
22.490 9.282 1.372
22.523 9.852 1.457
22.556 10.24 1.214
22.589 10.41 1.724
22.623 10.28 1.045
22.656 9.933 1.284
22.689 9.405 1.643
22.722 8.678 1.281
22.755 7.730 1.288
22.788 6.641 1.330
22.821 5.497 1.241
22.854 4.105 1.196
22.887 2.633 1.166
22.920 1.206 1.134
22.953 -0.317 1.170
22.986 -1.892 1.186
23.019 -3.365 1.174
23.052 -4.698 1.374
23.085 -6.105 1.490
23.118 -7.250 1.553
23.151 -8.211 1.702
23.184 -9.037 1.937
23.217 -9.671 2.023
23.250 -10.04 2.126
23.283 -10.40 2.133
23.316 -10.57 2.112
23.349 -10.43 2.160
23.382 -10.18 2.104
23.415 -9.664 2.025
23.448 -9.017 1.944
23.481 -8.235 1.782
23.514 -7.220 1.578
23.547 -6.052 1.394
23.580 -4.837 1.207
23.613 -3.322 1.188
23.646 -1.830 1.052
23.679 -0.333 1.132
23.712 1.220 1.095
23.745 2.699 1.174
23.778 4.104 1.191
23.811 5.443 1.334
23.844 6.695 1.407
23.877 7.825 1.564
23.910 8.648 1.575
23.943 9.410 1.725
23.977 9.875 1.551
24.010 10.22 1.327
24.043 10.14 1.664
24.076 10.05 1.691
24.109 9.664 1.659
24.142 9.125 1.545
24.175 8.360 1.479
24.208 7.397 1.472
24.241 6.302 1.333
24.274 5.082 1.253
24.307 3.680 1.171
24.340 2.316 1.130
24.373 0.772 1.112
24.406 -0.761 1.145
24.439 -2.212 1.154
24.472 -3.676 1.248
24.505 -5.124 1.341
24.538 -6.463 1.400
24.571 -7.580 1.537
24.604 -8.534 1.710
24.637 -9.309 1.890
24.670 -9.876 2.013
24.703 -10.27 2.130
24.736 -10.50 2.150
24.769 -10.60 2.156
24.802 -10.43 2.161
24.835 -10.14 1.991
24.868 -9.657 1.931
24.901 -8.988 1.772
24.934 -8.084 1.673
24.967 -7.070 1.470
25.000 -5.869 1.356
25.033 -4.508 1.241
25.066 -3.030 1.103
25.099 -1.606 1.057
25.132 -4.773e-2 1.023
25.165 1.511 0.999
25.198 2.922 1.030
25.231 4.319 1.113
25.264 5.667 1.172
25.297 6.869 1.210
25.330 7.869 1.269
25.363 8.701 1.331
25.397 9.369 1.431
25.430 9.837 1.208
25.463 10.10 1.261
25.496 10.13 1.269
25.529 9.932 1.249
25.562 9.499 1.244
25.595 8.885 1.235
25.628 8.102 1.235
25.661 7.107 1.388
25.694 5.934 1.320
25.727 4.710 1.208
25.760 3.378 1.181
25.793 1.904 1.154
25.826 0.385 1.150
25.859 -1.021 1.138
25.892 -2.594 1.190
25.925 -4.048 1.214
25.958 -5.387 1.314
25.991 -6.661 1.503
26.024 -7.759 1.710
26.057 -8.689 1.790
26.090 -9.442 1.902
