t x y
0,000 -0,937 -27,97
0,017 -0,780 -27,97
0,033 -0,608 -27,97
0,050 -0,441 -27,97
0,067 -0,287 -27,95
0,083 -0,109 -27,96
0,100 6,444E-2 -27,96
0,117 0,235 -27,97
0,133 0,405 -27,97
0,150 0,574 -27,97
0,167 0,742 -27,96
0,183 0,909 -27,96
0,200 1,079 -27,95
0,217 1,239 -27,95
0,233 1,390 -27,94
0,250 1,540 -27,93
0,267 1,683 -27,94
0,283 1,805 -27,92
0,300 1,927 -27,93
0,317 2,071 -27,94
0,333 2,138 -27,93
0,350 2,249 -27,95
0,367 2,300 -27,94
0,383 2,408 -27,93
0,400 2,435 -27,93
0,417 2,469 -27,89
0,433 2,524 -27,93
0,450 2,566 -27,94
0,467 2,583 -27,94
0,483 2,590 -27,95
0,500 2,591 -27,95
0,517 2,572 -27,95
0,533 2,555 -27,95
0,550 2,477 -27,95
0,567 2,424 -27,96
0,583 2,376 -27,96
0,600 2,268 -27,96
0,617 2,219 -27,96
0,633 2,093 -27,96
0,650 1,948 -27,96
0,667 1,867 -27,97
0,683 1,751 -27,97
0,700 1,591 -27,97
0,717 1,430 -27,97
0,733 1,270 -27,97
0,750 1,108 -27,97
0,767 0,940 -27,97
0,783 0,770 -27,97
0,800 0,598 -27,98
0,816 0,422 -27,98
0,833 0,250 -27,98
0,850 8,164E-2 -27,99
0,867 -8,980E-2 -27,98
0,883 -0,258 -27,98
0,900 -0,423 -28,00
0,917 -0,590 -27,99
0,933 -0,742 -27,99
0,950 -0,913 -27,99
0,967 -1,057 -28,00
0,983 -1,172 -27,99
1,000 -1,280 -27,98
1,016 -1,418 -27,99
1,033 -1,542 -28,00
1,050 -1,625 -27,99
1,067 -1,748 -27,99
1,083 -1,797 -27,98
1,100 -1,892 -27,99
1,117 -1,951 -27,98
1,133 -1,982 -28,00
1,150 -2,022 -27,98
1,166 -1,983 -27,98
1,183 -1,984 -27,98
1,200 -1,960 -27,98
1,216 -1,950 -27,99
1,233 -1,937 -27,98
1,250 -1,920 -27,99
1,266 -1,859 -27,97
1,283 -1,770 -27,98
1,300 -1,722 -28,00
1,316 -1,618 -27,98
1,333 -1,567 -27,99
1,350 -1,439 -27,98
1,366 -1,297 -27,97
1,383 -1,202 -27,99
1,400 -1,097 -27,98
1,417 -0,939 -27,97
1,433 -0,782 -27,97
1,450 -0,612 -27,97
1,466 -0,446 -27,96
1,483 -0,294 -27,96
1,500 -0,115 -27,96
1,516 5,652E-2 -27,96
1,533 0,228 -27,96
1,550 0,396 -27,96
1,566 0,567 -27,96
1,583 0,733 -27,96
1,600 0,904 -27,95
1,616 1,060 -27,95
1,633 1,233 -27,95
1,650 1,374 -27,92
1,666 1,511 -27,92
1,683 1,670 -27,88
1,700 1,793 -27,94
1,716 1,925 -27,94
1,733 2,061 -27,92
1,750 2,130 -27,95
1,766 2,244 -27,93
1,783 2,306 -27,94
1,800 2,410 -27,94
1,816 2,439 -27,92
1,833 2,470 -27,94
1,850 2,539 -27,92
1,866 2,589 -27,94
1,883 2,594 -27,94
1,900 2,598 -27,95
1,916 2,598 -27,95
1,933 2,592 -27,95
1,950 2,575 -27,92
1,966 2,528 -27,92
1,983 2,457 -27,95
2,000 2,419 -27,95
2,016 2,311 -27,95
2,033 2,252 -27,96
2,050 2,123 -27,96
2,066 2,042 -27,95
2,083 1,926 -27,97
2,100 1,781 -27,97
2,116 1,650 -27,97
2,133 1,547 -27,96
2,150 1,412 -27,97
2,166 1,249 -27,97
2,183 1,089 -27,97
2,200 0,923 -27,97
2,216 0,762 -27,97
2,233 0,593 -27,98
2,250 0,425 -27,98
2,266 0,252 -27,98
2,283 8,346E-2 -27,98
2,300 -7,391E-2 -28,00
2,316 -0,228 -27,99
2,333 -0,401 -27,99
2,350 -0,562 -28,00
2,366 -0,677 -27,98
2,383 -0,780 -27,98
2,400 -0,930 -27,98
2,416 -1,078 -27,98
2,433 -1,170 -27,98
2,450 -1,275 -27,98
2,466 -1,397 -27,99
2,483 -1,452 -27,98
2,500 -1,571 -27,98
2,516 -1,611 -27,99
2,533 -1,665 -27,98
2,550 -1,735 -27,99
2,566 -1,769 -27,98
2,583 -1,773 -27,99
2,600 -1,783 -27,98
2,616 -1,780 -27,98
2,633 -1,771 -27,98
2,650 -1,764 -27,99
2,666 -1,737 -27,99
2,683 -1,666 -27,97
2,700 -1,604 -27,99
2,716 -1,532 -28,01
2,733 -1,446 -27,98
2,750 -1,389 -27,99
2,766 -1,270 -27,99
2,783 -1,163 -27,98
2,800 -1,059 -27,99
2,816 -0,930 -27,98
2,833 -0,776 -27,97
2,850 -0,623 -27,97
2,866 -0,454 -27,97
2,883 -0,309 -27,97
2,900 -0,123 -27,97
2,916 4,792E-2 -27,97
2,933 0,219 -27,97
2,950 0,394 -27,96
2,966 0,566 -27,96
2,983 0,735 -27,96
3,000 0,899 -27,95
3,016 1,069 -27,96
3,033 1,226 -27,95
3,050 1,396 -27,95
3,066 1,556 -27,93
3,083 1,687 -27,93
3,100 1,828 -27,94
3,116 1,935 -27,94
3,133 2,084 -27,95
3,150 2,212 -27,92
3,166 2,281 -27,94
3,183 2,414 -27,94
3,200 2,469 -27,94
3,216 2,581 -27,94
3,233 2,613 -27,91
3,250 2,654 -27,92
3,266 2,728 -27,92
3,283 2,760 -27,94
3,300 2,766 -27,95
3,316 2,766 -27,93
3,333 2,766 -27,95
3,350 2,764 -27,95
3,366 2,751 -27,95
3,383 2,714 -27,95
3,400 2,638 -27,95
3,416 2,598 -27,96
3,433 2,493 -27,95
3,450 2,422 -27,96
3,466 2,294 -27,96
3,483 2,220 -27,96
3,500 2,093 -27,96
3,516 1,943 -27,96
3,533 1,868 -27,96
3,550 1,740 -27,96
3,566 1,587 -27,97
3,583 1,420 -27,97
3,600 1,260 -27,97
3,616 1,095 -27,97
3,633 0,929 -27,98
3,650 0,756 -27,98
3,666 0,602 -27,98
3,683 0,421 -27,98
3,700 0,252 -27,98
3,716 8,233E-2 -27,98
3,733 -7,575E-2 -27,99
3,750 -0,246 -27,98
3,766 -0,381 -27,99
3,783 -0,560 -27,99
3,800 -0,670 -27,97
3,816 -0,786 -27,99
3,833 -0,930 -27,98
3,849 -1,074 -27,99
3,866 -1,135 -27,97
3,883 -1,265 -27,98
3,900 -1,329 -27,97
3,916 -1,429 -27,98
3,933 -1,470 -27,97
3,950 -1,559 -27,99
3,966 -1,601 -27,98
3,983 -1,620 -27,98
3,999 -1,648 -27,97
4,016 -1,641 -27,97
4,033 -1,629 -27,97
4,050 -1,623 -27,98
4,066 -1,611 -27,98
4,083 -1,594 -27,99
4,099 -1,560 -28,00
4,116 -1,483 -27,97
4,133 -1,434 -27,98
4,150 -1,323 -27,97
4,166 -1,262 -27,98
4,183 -1,130 -27,98
4,199 -1,072 -28,00
4,216 -0,938 -27,97
4,233 -0,789 -27,97
4,250 -0,685 -28,02
4,266 -0,591 -27,98
4,283 -0,434 -27,97
4,299 -0,271 -27,97
4,316 -0,110 -27,96
4,333 5,947E-2 -27,96
4,349 0,221 -27,96
4,366 0,389 -27,96
4,383 0,558 -27,96
4,399 0,721 -27,96
4,416 0,891 -27,96
4,433 1,057 -27,95
4,449 1,225 -27,95
4,466 1,365 -27,92
4,483 1,488 -27,97
4,500 1,602 -27,95
4,516 1,752 -27,95
4,533 1,904 -27,94
4,550 2,024 -27,89
4,566 2,114 -27,95
4,583 2,244 -27,92
4,599 2,322 -27,95
4,616 2,418 -27,94
4,633 2,469 -27,96
4,649 2,568 -27,93
4,666 2,595 -27,95
4,683 2,617 -27,94
4,699 2,656 -27,95
4,716 2,650 -27,96
4,733 2,633 -27,94
4,749 2,624 -27,95
4,766 2,611 -27,96
4,783 2,594 -27,96
4,799 2,578 -27,94
4,816 2,535 -27,93
4,833 2,446 -27,96
4,849 2,408 -27,95
4,866 2,311 -27,96
4,883 2,244 -27,96
4,900 2,113 -27,96
4,916 2,029 -27,95
4,933 1,925 -27,97
4,949 1,774 -27,97
4,966 1,643 -27,97
4,983 1,531 -27,96
4,999 1,403 -27,97
5,016 1,251 -27,97
5,033 1,088 -27,97
5,049 0,923 -27,97
5,066 0,758 -27,98
5,083 0,593 -27,98
5,099 0,423 -27,98
5,116 0,269 -27,98
5,133 9,702E-2 -27,98
5,149 -6,957E-2 -27,98
5,166 -0,214 -27,99
5,183 -0,375 -27,99
5,199 -0,513 -27,98
5,216 -0,610 -27,98
5,233 -0,763 -27,98
5,249 -0,909 -27,99
5,266 -1,006 -27,97
5,283 -1,102 -27,98
5,299 -1,232 -27,99
5,316 -1,289 -27,97
5,333 -1,417 -27,98
5,349 -1,448 -27,98
5,366 -1,548 -28,00
5,383 -1,605 -27,98
5,399 -1,623 -27,97
5,416 -1,632 -27,97
5,433 -1,645 -27,97
5,449 -1,632 -27,98
5,466 -1,623 -27,98
5,483 -1,615 -27,99
5,499 -1,605 -27,99
5,516 -1,574 -28,00
5,533 -1,493 -27,98
5,549 -1,444 -27,98
5,566 -1,387 -28,02
5,583 -1,285 -27,98
5,599 -1,213 -28,02
5,616 -1,107 -27,99
5,633 -0,996 -27,97
5,649 -0,893 -27,99
5,666 -0,768 -27,98
5,683 -0,613 -27,97
5,699 -0,454 -27,97
5,716 -0,311 -27,97
5,733 -0,124 -27,97
5,749 -1,094E-3 -27,96
5,766 0,198 -27,97
5,783 0,363 -27,97
5,799 0,543 -27,96
5,816 0,722 -27,96
5,833 0,891 -27,96
5,849 1,055 -27,96
5,866 1,226 -27,96
5,883 1,383 -27,94
5,899 1,531 -27,94
5,916 1,671 -27,93
5,933 1,829 -27,96
5,949 1,930 -27,96
5,966 2,080 -27,94
5,983 2,206 -27,93
5,999 2,287 -27,94
6,016 2,407 -27,92
6,033 2,468 -27,94
6,049 2,579 -27,94
6,066 2,626 -27,95
6,083 2,701 -27,90
6,099 2,756 -27,94
6,116 2,775 -27,95
6,133 2,796 -27,92
6,149 2,792 -27,94
6,166 2,784 -27,95
6,183 2,776 -27,95
6,199 2,773 -27,95
6,216 2,757 -27,95
6,233 2,726 -27,95
6,249 2,649 -27,95
6,266 2,588 -27,95
6,283 2,498 -27,95
6,299 2,420 -27,96
6,316 2,305 -27,96
6,333 2,222 -27,95
6,349 2,095 -27,96
6,366 1,955 -27,96
6,383 1,841 -27,96
6,399 1,748 -27,97
6,416 1,590 -27,97
6,433 1,427 -27,97
6,449 1,271 -27,97
6,466 1,103 -27,97
6,483 0,946 -27,97
6,499 0,770 -27,97
6,516 0,599 -27,97
6,533 0,429 -27,98
6,549 0,299 -28,00
6,566 0,107 -27,99
6,583 -6,294E-2 -27,99
6,599 -0,208 -27,99
6,616 -0,371 -27,99
6,633 -0,503 -27,98
6,649 -0,618 -27,99
6,666 -0,762 -27,98
6,683 -0,907 -27,99
6,699 -0,968 -27,98
6,716 -1,102 -27,98
6,733 -1,180 -27,97
6,749 -1,268 -27,98
6,766 -1,311 -27,98
6,783 -1,421 -27,99
6,799 -1,446 -27,98
6,816 -1,470 -27,97
6,833 -1,503 -27,97
6,849 -1,508 -27,97
6,866 -1,513 -27,97
6,883 -1,476 -27,97
6,899 -1,456 -27,98
6,916 -1,445 -27,99
6,933 -1,431 -27,99
6,949 -1,398 -28,00
6,966 -1,294 -27,98
6,983 -1,264 -28,00
6,999 -1,153 -27,98
7,016 -1,093 -27,99
7,033 -0,961 -27,97
7,049 -0,888 -28,00
7,066 -0,771 -27,98
7,083 -0,622 -27,97
7,099 -0,502 -27,97
7,116 -0,394 -27,99
7,133 -0,253 -27,98
7,149 -9,710E-2 -27,97
7,166 6,557E-2 -27,97
7,183 0,224 -27,96
7,199 0,388 -27,97
7,216 0,554 -27,96
7,233 0,728 -27,96
7,249 0,885 -27,95
7,266 1,044 -27,95
7,283 1,217 -27,95
7,299 1,360 -27,94
7,316 1,541 -27,94
7,333 1,623 -27,96
7,349 1,758 -27,95
7,366 1,910 -27,95
7,382 2,052 -27,93
7,399 2,131 -27,95
7,416 2,255 -27,95
7,433 2,339 -27,95
7,449 2,421 -27,94
7,466 2,469 -27,94
7,483 2,580 -27,92
7,499 2,608 -27,95
7,516 2,637 -27,95
7,533 2,713 -27,91
7,549 2,749 -27,91
7,566 2,756 -27,93
7,583 2,758 -27,93
7,599 2,759 -27,95
7,616 2,759 -27,95
7,633 2,738 -27,93
7,649 2,670 -27,96
7,666 2,602 -27,95
7,683 2,565 -27,93
7,699 2,448 -27,96
7,716 2,412 -27,95
7,733 2,278 -27,97
7,749 2,233 -27,95
7,766 2,093 -27,96
7,783 1,960 -27,97
7,799 1,863 -27,94
7,816 1,750 -27,96
7,833 1,595 -27,97
7,849 1,439 -27,98
7,866 1,273 -27,97
7,883 1,124 -27,98
7,899 0,970 -27,98
7,916 0,809 -27,98
7,933 0,638 -27,99
7,949 0,458 -27,98
7,966 0,319 -27,99
7,983 0,145 -27,99
7,999 -3,734E-2 -27,99
8,016 -0,158 -27,97
8,033 -0,293 -27,97
8,049 -0,430 -27,98
8,066 -0,582 -27,99
8,083 -0,681 -27,97
8,099 -0,777 -27,98
8,116 -0,922 -27,98
8,133 -0,980 -27,97
8,149 -1,097 -27,98
8,166 -1,149 -27,97
8,183 -1,259 -27,99
8,199 -1,286 -27,97
8,216 -1,337 -27,97
8,233 -1,401 -28,00
8,249 -1,439 -27,98
8,266 -1,446 -27,98
8,283 -1,447 -27,98
8,299 -1,445 -27,98
8,316 -1,443 -27,98
8,332 -1,438 -27,99
8,349 -1,423 -28,00
8,366 -1,390 -28,02
8,382 -1,304 -27,98
8,399 -1,272 -27,99
8,416 -1,176 -27,97
8,433 -1,099 -27,98
8,449 -0,967 -27,98
8,466 -0,916 -28,01
8,482 -0,772 -27,98
8,499 -0,652 -27,97
8,516 -0,539 -28,01
8,532 -0,425 -27,98
8,549 -0,269 -27,97
8,566 -0,106 -27,97
8,582 4,218E-2 -27,97
8,599 0,206 -27,97
8,616 0,381 -27,96
8,632 0,538 -27,96
8,649 0,714 -27,96
8,666 0,871 -27,96
8,682 1,040 -27,96
8,699 1,202 -27,95
8,716 1,371 -27,94
8,732 1,473 -27,97
8,749 1,597 -27,96
8,766 1,757 -27,96
8,782 1,903 -27,94
8,799 2,038 -27,92
8,816 2,134 -27,95
8,832 2,256 -27,95
8,849 2,350 -27,93
8,866 2,443 -27,94
8,882 2,555 -27,92
8,899 2,608 -27,95
8,916 2,666 -27,95
8,932 2,741 -27,92
8,949 2,766 -27,95
8,966 2,776 -27,93
8,982 2,779 -27,94
8,999 2,790 -27,95
9,016 2,779 -27,96
9,032 2,774 -27,95
9,049 2,757 -27,95
9,066 2,747 -27,94
9,082 2,702 -27,93
9,099 2,616 -27,96
9,116 2,585 -27,95
9,132 2,463 -27,96
9,149 2,414 -27,96
9,166 2,286 -27,96
9,182 2,229 -27,96
9,199 2,092 -27,96
9,216 1,956 -27,97
9,232 1,854 -27,95
9,249 1,748 -27,96
9,266 1,589 -27,97
9,282 1,434 -27,97
9,299 1,269 -27,98
9,316 1,133 -27,98
9,332 0,963 -27,98
9,349 0,808 -27,98
9,366 0,625 -27,98
9,382 0,488 -27,99
9,399 0,316 -27,99
9,416 0,146 -27,99
9,432 -1,623E-2 -27,99
9,449 -0,148 -27,99
9,466 -0,282 -27,98
9,482 -0,427 -27,98
9,499 -0,577 -27,98
9,516 -0,671 -27,98
9,532 -0,771 -27,98
9,549 -0,897 -28,00
9,566 -0,964 -27,98
9,582 -1,085 -27,99
9,599 -1,129 -27,97
9,616 -1,240 -27,98
9,632 -1,274 -27,98
9,649 -1,308 -27,98
9,666 -1,363 -28,00
9,682 -1,402 -28,01
9,699 -1,438 -27,98
9,716 -1,439 -27,98
9,732 -1,438 -27,98
9,749 -1,430 -27,99
9,766 -1,422 -28,00
9,782 -1,387 -28,01
9,799 -1,319 -27,98
9,816 -1,268 -27,99
9,832 -1,189 -27,98
9,849 -1,100 -27,98
9,866 -0,993 -27,98
9,882 -0,920 -27,99
9,899 -0,781 -27,98
9,916 -0,646 -27,97
9,932 -0,564 -27,99
9,949 -0,429 -27,98
9,966 -0,277 -27,97
9,982 -0,129 -27,97
9,999 4,630E-2 -27,97
10,016 0,177 -27,96
10,032 0,362 -27,96
10,049 0,531 -27,96
10,066 0,652 -27,98
10,082 0,778 -27,97
10,099 0,924 -27,97
10,116 1,080 -27,96
10,132 1,246 -27,96
10,149 1,397 -27,95
10,166 1,550 -27,94
10,182 1,667 -27,96
10,199 1,761 -27,96
10,216 1,910 -27,93
10,232 2,044 -27,90
10,249 2,120 -27,95
10,266 2,249 -27,94
10,282 2,305 -27,95
10,299 2,415 -27,94
10,316 2,459 -27,94
10,332 2,551 -27,89
10,349 2,594 -27,93
10,366 2,613 -27,95
10,382 2,650 -27,95
10,399 2,659 -27,93
10,415 2,639 -27,94
10,432 2,623 -27,95
10,449 2,611 -27,95
10,466 2,593 -27,95
10,482 2,570 -27,92
10,499 2,539 -27,92
10,516 2,464 -27,95
10,532 2,417 -27,95
10,549 2,302 -27,96
10,566 2,252 -27,96
10,582 2,121 -27,97
10,599 2,055 -27,95
10,616 1,933 -27,97
10,632 1,788 -27,97
10,649 1,697 -27,96
10,665 1,582 -27,97
10,682 1,422 -27,97
10,699 1,270 -27,97
10,715 1,115 -27,98
10,732 0,949 -27,98
10,749 0,795 -27,98
10,765 0,672 -27,96
10,782 0,554 -27,97
10,799 0,401 -27,98
10,815 0,246 -27,98
10,832 8,304E-2 -27,98
10,849 -5,956E-2 -27,99
10,865 -0,228 -27,99
10,882 -0,360 -28,00
10,899 -0,477 -27,97
10,915 -0,604 -27,98
10,932 -0,747 -28,00
10,949 -0,876 -28,00
10,965 -0,949 -27,98
10,982 -1,087 -27,99
10,999 -1,140 -27,97
11,015 -1,258 -27,98
11,032 -1,291 -27,98
11,049 -1,372 -28,00
11,065 -1,435 -27,99
11,082 -1,453 -27,97
11,099 -1,462 -27,98
11,115 -1,480 -27,97
11,132 -1,465 -27,97
11,149 -1,459 -27,98
11,165 -1,448 -27,98
11,182 -1,435 -27,99
11,199 -1,417 -28,00
11,215 -1,361 -28,02
11,232 -1,301 -27,97
11,249 -1,262 -27,99
11,265 -1,153 -27,97
11,282 -1,089 -28,00
11,299 -0,969 -27,97
11,315 -0,887 -28,00
11,332 -0,770 -27,98
11,349 -0,630 -27,97
11,365 -0,523 -28,00
11,382 -0,425 -27,98
11,399 -0,271 -27,97
11,415 -0,110 -27,97
11,432 3,439E-2 -27,96
11,449 0,213 -27,96
11,465 0,321 -27,99
11,482 0,441 -27,98
11,499 0,585 -27,97
11,515 0,741 -27,96
11,532 0,906 -27,96
11,549 1,069 -27,96
11,565 1,217 -27,95
11,582 1,348 -27,94
11,599 1,483 -27,96
11,615 1,591 -27,96
11,632 1,739 -27,95
11,649 1,867 -27,92
11,665 1,943 -27,95
11,682 2,085 -27,94
11,699 2,147 -27,95
11,715 2,247 -27,94
11,732 2,287 -27,94
11,749 2,399 -27,92
11,765 2,432 -27,95
11,782 2,457 -27,95
11,799 2,557 -27,86
11,815 2,595 -27,84
11,832 2,596 -27,82
11,849 2,597 -27,81
11,865 2,595 -27,80
11,882 2,590 -27,80
11,899 2,572 -27,79
11,915 2,542 -27,78
11,932 2,470 -27,80
11,949 2,424 -27,79
11,965 2,350 -27,78
11,982 2,267 -27,80
11,999 2,218 -27,78
12,015 2,102 -27,80
12,032 2,000 -27,80
12,049 1,903 -27,79
12,065 1,757 -27,80
12,082 1,614 -27,80
12,099 1,499 -27,80
12,115 1,383 -27,79
12,132 1,247 -27,80
12,149 1,087 -27,80
12,165 0,932 -27,81
12,182 0,764 -27,81
12,199 0,608 -27,81
12,215 0,445 -27,81
12,232 0,300 -27,83
12,249 0,136 -27,82
12,265 2,809E-2 -27,80
12,282 -0,107 -27,81
12,299 -0,258 -27,81
12,315 -0,414 -27,82
12,332 -0,545 -27,82
12,349 -0,644 -27,80
12,365 -0,768 -27,82
12,382 -0,910 -27,82
12,399 -0,958 -27,81
12,415 -1,087 -27,82
12,432 -1,129 -27,81
12,449 -1,242 -27,82
12,465 -1,278 -27,82
12,482 -1,332 -27,81
12,499 -1,393 -27,83
12,515 -1,433 -27,83
12,532 -1,442 -27,81
12,549 -1,443 -27,82
12,565 -1,443 -27,81
12,582 -1,443 -27,81
12,599 -1,438 -27,82
12,615 -1,421 -27,83
12,632 -1,374 -27,84
12,649 -1,293 -27,82
12,665 -1,271 -27,82
12,682 -1,173 -27,81
12,699 -1,098 -27,81
12,715 -0,993 -27,81
12,732 -0,917 -27,82
12,749 -0,776 -27,81
12,765 -0,646 -27,81
12,782 -0,556 -27,82
12,799 -0,429 -27,80
12,815 -0,277 -27,80
12,832 -0,119 -27,80
12,849 1,632E-2 -27,79
12,865 0,176 -27,79
12,882 0,314 -27,80
12,899 0,429 -27,80
12,915 0,582 -27,80
12,932 0,743 -27,79
12,949 0,907 -27,79
12,965 1,054 -27,78
12,982 1,228 -27,78
12,998 1,347 -27,75
13,015 1,470 -27,78
13,032 1,594 -27,78
13,048 1,745 -27,78
13,065 1,883 -27,76
13,082 1,960 -27,77
13,098 2,082 -27,77
13,115 2,166 -27,77
13,132 2,253 -27,77
13,149 2,302 -27,76
13,165 2,405 -27,76
13,182 2,433 -27,77
13,199 2,467 -27,77
13,215 2,531 -27,75
13,232 2,583 -27,75
13,249 2,590 -27,77
13,265 2,592 -27,77
13,282 2,593 -27,78
13,299 2,591 -27,77
13,315 2,574 -27,76
13,332 2,539 -27,75
13,349 2,471 -27,78
13,365 2,428 -27,79
13,382 2,371 -27,76
13,399 2,274 -27,79
13,415 2,225 -27,78
13,432 2,106 -27,79
13,449 2,015 -27,77
13,465 1,923 -27,79
13,482 1,773 -27,80
13,498 1,652 -27,80
13,515 1,549 -27,79
13,532 1,415 -27,80
13,549 1,260 -27,80
13,565 1,104 -27,80
13,582 0,942 -27,80
13,599 0,787 -27,81
13,615 0,655 -27,82
13,632 0,498 -27,79
13,649 0,367 -27,79
13,665 0,238 -27,80
13,682 8,160E-2 -27,82
13,698 -6,778E-2 -27,82
13,715 -0,225 -27,82
13,732 -0,342 -27,79
13,748 -0,440 -27,80
13,765 -0,584 -27,83
13,782 -0,704 -27,84
13,799 -0,802 -27,80
13,815 -0,923 -27,82
13,832 -0,980 -27,80
13,849 -1,095 -27,81
13,865 -1,133 -27,80
13,882 -1,237 -27,84
13,898 -1,276 -27,81
13,915 -1,296 -27,81
13,932 -1,339 -27,80
13,948 -1,340 -27,81
13,965 -1,363 -27,85
13,982 -1,402 -27,83
13,998 -1,419 -27,82
14,015 -1,401 -27,84
14,032 -1,368 -27,84
14,049 -1,329 -27,81
14,065 -1,276 -27,81
14,082 -1,251 -27,82
14,098 -1,143 -27,81
14,115 -1,093 -27,82
14,132 -0,969 -27,81
14,148 -0,910 -27,82
14,165 -0,777 -27,81
14,182 -0,661 -27,80
14,198 -0,566 -27,82
14,215 -0,433 -27,80
14,232 -0,277 -27,80
14,248 -0,138 -27,80
14,265 2,459E-2 -27,80
14,282 0,118 -27,82
14,298 0,254 -27,81
14,315 0,407 -27,80
14,332 0,573 -27,80
14,348 0,734 -27,79
14,365 0,888 -27,78
14,382 1,047 -27,78
14,398 1,168 -27,77
14,415 1,303 -27,79
14,432 1,424 -27,78
14,448 1,578 -27,78
14,465 1,714 -27,75
14,482 1,792 -27,79
14,498 1,922 -27,78
14,515 2,036 -27,74
14,532 2,110 -27,78
14,548 2,242 -27,75
14,565 2,284 -27,78
14,582 2,395 -27,75
14,598 2,427 -27,78
14,615 2,451 -27,78
14,632 2,498 -27,79
14,648 2,553 -27,73
14,665 2,575 -27,75
14,682 2,579 -27,74
14,698 2,586 -27,76
14,715 2,589 -27,78
14,732 2,577 -27,77
14,748 2,560 -27,75
14,765 2,487 -27,79
14,782 2,430 -27,79
14,798 2,395 -27,77
14,815 2,289 -27,80
14,832 2,244 -27,79
14,848 2,115 -27,80
14,865 2,070 -27,78
14,882 1,926 -27,79
14,898 1,829 -27,81
14,915 1,721 -27,79
14,932 1,585 -27,80
14,948 1,431 -27,80
14,965 1,300 -27,81
14,982 1,173 -27,78
14,998 1,069 -27,80
15,015 0,915 -27,80
15,032 0,753 -27,81
15,048 0,589 -27,81
15,065 0,440 -27,82
15,082 0,316 -27,83
15,098 0,157 -27,79
15,115 6,180E-2 -27,80
15,132 -8,774E-2 -27,82
15,148 -0,239 -27,83
15,165 -0,367 -27,84
15,182 -0,465 -27,80
15,198 -0,598 -27,82
15,215 -0,735 -27,83
15,232 -0,790 -27,81
15,248 -0,927 -27,82
15,265 -0,971 -27,81
15,282 -1,089 -27,82
15,298 -1,114 -27,81
15,315 -1,179 -27,81
15,332 -1,241 -27,84
15,348 -1,273 -27,82
15,365 -1,286 -27,81
15,382 -1,287 -27,82
15,398 -1,284 -27,81
15,415 -1,281 -27,83
15,432 -1,278 -27,82
15,448 -1,264 -27,83
15,465 -1,254 -27,83
15,482 -1,210 -27,85
15,498 -1,131 -27,83
15,515 -1,101 -27,82
15,532 -0,993 -27,81
15,548 -0,924 -27,85
15,565 -0,796 -27,82
15,582 -0,743 -27,83
15,598 -0,605 -27,81
15,615 -0,463 -27,81
15,632 -0,383 -27,82
15,648 -0,261 -27,80
15,665 -0,103 -27,80
15,682 4,503E-2 -27,80
15,698 0,201 -27,80
15,715 0,315 -27,81
15,732 0,429 -27,81
15,748 0,580 -27,80
15,765 0,746 -27,79
15,781 0,902 -27,79
15,798 1,063 -27,78
15,815 1,189 -27,78
15,832 1,365 -27,77
15,848 1,465 -27,78
15,865 1,595 -27,78
15,882 1,744 -27,77
15,898 1,880 -27,76
15,915 1,972 -27,78
15,932 2,090 -27,78
15,948 2,205 -27,75
15,965 2,269 -27,78
15,981 2,402 -27,76
15,998 2,438 -27,78
16,015 2,528 -27,73
16,032 2,591 -27,77
16,048 2,607 -27,76
16,065 2,647 -27,77
16,082 2,663 -27,77
16,098 2,652 -27,76
16,115 2,628 -27,78
16,132 2,618 -27,77
16,148 2,598 -27,78
16,165 2,588 -27,78
16,182 2,562 -27,77
16,198 2,489 -27,79
16,215 2,426 -27,78
16,232 2,335 -27,79
16,248 2,262 -27,79
16,265 2,146 -27,80
16,282 2,083 -27,79
16,298 1,936 -27,79
16,315 1,826 -27,79
16,332 1,737 -27,79
16,348 1,589 -27,80
16,365 1,440 -27,80
16,382 1,315 -27,80
16,398 1,207 -27,79
16,415 1,074 -27,80
16,432 0,916 -27,80
16,448 0,756 -27,81
16,465 0,601 -27,81
16,482 0,444 -27,81
16,498 0,279 -27,81
16,515 0,177 -27,80
16,532 5,511E-2 -27,80
16,548 -9,283E-2 -27,81
16,565 -0,246 -27,82
16,582 -0,388 -27,82
16,598 -0,478 -27,82
16,615 -0,603 -27,82
16,632 -0,746 -27,82
16,648 -0,796 -27,81
16,665 -0,924 -27,82
16,681 -0,999 -27,80
16,698 -1,093 -27,81
16,715 -1,132 -27,80
16,732 -1,217 -27,83
16,748 -1,269 -27,81
16,765 -1,287 -27,81
16,782 -1,309 -27,80
16,798 -1,299 -27,81
16,815 -1,313 -27,81
16,831 -1,299 -27,81
16,848 -1,285 -27,81
16,865 -1,271 -27,81
16,881 -1,259 -27,82
16,898 -1,229 -27,84
16,915 -1,152 -27,80
16,932 -1,103 -27,82
16,948 -1,033 -27,86
16,965 -0,944 -27,81
16,981 -0,894 -27,83
16,998 -0,778 -27,80
17,015 -0,718 -27,82
17,032 -0,599 -27,81
17,048 -0,445 -27,80
17,065 -0,313 -27,80
17,081 -0,215 -27,82
17,098 -9,363E-2 -27,80
17,115 6,355E-2 -27,80
17,132 0,227 -27,80
17,148 0,378 -27,79
17,165 0,492 -27,81
17,181 0,601 -27,80
17,198 0,746 -27,79
17,215 0,906 -27,79
17,232 1,060 -27,77
17,248 1,211 -27,76
17,265 1,333 -27,79
17,282 1,423 -27,78
17,298 1,576 -27,78
17,315 1,718 -27,76
17,331 1,781 -27,78
17,348 1,917 -27,78
17,365 2,012 -27,73
17,381 2,098 -27,78
17,398 2,221 -27,76
17,415 2,269 -27,76
17,431 2,346 -27,74
17,448 2,418 -27,77
17,465 2,438 -27,78
17,482 2,462 -27,76
17,498 2,507 -27,78
17,515 2,484 -27,79
17,531 2,459 -27,79
17,548 2,447 -27,79
17,565 2,436 -27,78
17,581 2,419 -27,78
17,598 2,405 -27,77
17,615 2,352 -27,75
17,631 2,292 -27,79
17,648 2,245 -27,78
17,665 2,182 -27,76
17,681 2,096 -27,79
17,698 2,028 -27,77
17,715 1,926 -27,80
17,731 1,788 -27,80
17,748 1,731 -27,79
17,765 1,587 -27,80
17,782 1,437 -27,80
17,798 1,336 -27,78
17,815 1,240 -27,80
17,831 1,084 -27,80
17,848 0,930 -27,81
17,865 0,781 -27,81
17,881 0,671 -27,79
17,898 0,562 -27,80
17,915 0,405 -27,80
17,931 0,247 -27,81
17,948 9,233E-2 -27,82
17,965 -2,970E-2 -27,83
17,981 -0,135 -27,80
17,998 -0,267 -27,81
18,015 -0,421 -27,82
18,031 -0,528 -27,86
18,048 -0,620 -27,81
18,065 -0,754 -27,82
18,081 -0,808 -27,80
18,098 -0,926 -27,82
18,115 -0,978 -27,80
18,131 -1,089 -27,82
18,148 -1,114 -27,81
18,165 -1,142 -27,80
18,181 -1,228 -27,83
18,198 -1,264 -27,83
18,215 -1,274 -27,82
18,231 -1,279 -27,82
18,248 -1,278 -27,82
18,265 -1,277 -27,81
18,281 -1,273 -27,83
18,298 -1,258 -27,85
18,315 -1,229 -27,86
18,331 -1,156 -27,81
18,348 -1,103 -27,82
18,365 -1,050 -27,87
18,381 -0,947 -27,81
18,398 -0,912 -27,83
18,415 -0,782 -27,82
18,431 -0,723 -27,83
18,448 -0,601 -27,81
18,465 -0,456 -27,80
18,481 -0,367 -27,83
18,498 -0,261 -27,81
18,515 -0,107 -27,81
18,531 3,502E-2 -27,80
18,548 0,197 -27,80
18,565 0,306 -27,81
18,581 0,436 -27,81
18,598 0,575 -27,80
18,615 0,734 -27,79
18,631 0,895 -27,79
18,648 1,044 -27,78
18,665 1,191 -27,77
18,681 1,317 -27,79
18,698 1,423 -27,79
18,715 1,574 -27,78
18,731 1,709 -27,77
18,748 1,794 -27,78
18,765 1,914 -27,77
18,781 2,038 -27,76
18,798 2,103 -27,79
18,815 2,218 -27,75
18,831 2,285 -27,77
18,848 2,385 -27,76
18,865 2,425 -27,78
18,881 2,454 -27,78
18,898 2,512 -27,74
18,915 2,582 -27,77
18,931 2,587 -27,77
18,948 2,592 -27,77
18,965 2,593 -27,78
18,981 2,593 -27,78
18,998 2,585 -27,78
19,015 2,564 -27,76
19,031 2,508 -27,78
19,048 2,434 -27,79
19,065 2,410 -27,78
19,081 2,295 -27,79
19,098 2,243 -27,78
19,115 2,123 -27,79
19,131 2,074 -27,79
19,148 1,939 -27,80
19,165 1,813 -27,80
19,181 1,721 -27,79
19,198 1,588 -27,80
19,215 1,439 -27,80
19,231 1,318 -27,80
19,248 1,204 -27,79
19,265 1,076 -27,80
19,281 0,918 -27,80
19,298 0,763 -27,81
19,315 0,605 -27,81
19,331 0,473 -27,81
19,348 0,359 -27,81
19,365 0,233 -27,81
19,381 7,429E-2 -27,80
19,398 -7,490E-2 -27,81
19,415 -0,177 -27,81
19,431 -0,276 -27,81
19,448 -0,423 -27,82
19,465 -0,540 -27,85
19,481 -0,614 -27,81
19,498 -0,755 -27,82
19,515 -0,811 -27,80
19,531 -0,925 -27,82
19,548 -0,958 -27,81
19,565 -1,050 -27,84
19,581 -1,110 -27,81
19,598 -1,132 -27,81
19,615 -1,162 -27,82
19,631 -1,146 -27,81
19,648 -1,191 -27,86
19,664 -1,231 -27,84
19,681 -1,247 -27,82
19,698 -1,249 -27,85
19,714 -1,220 -27,84
19,731 -1,169 -27,81
19,748 -1,113 -27,81
19,765 -1,089 -27,84
19,781 -1,006 -27,80
19,798 -0,934 -27,81
19,814 -0,834 -27,80
19,831 -0,756 -27,83
19,848 -0,631 -27,80
19,864 -0,571 -27,81
19,881 -0,434 -27,80
19,898 -0,292 -27,79
19,914 -0,201 -27,81
19,931 -9,024E-2 -27,80
19,948 6,422E-2 -27,80
19,965 0,206 -27,79
19,981 0,343 -27,79
19,998 0,501 -27,78
20,014 0,618 -27,80
20,031 0,758 -27,79
20,048 0,911 -27,79
20,064 1,071 -27,78
20,081 1,214 -27,77
20,098 1,327 -27,78
20,114 1,427 -27,78
20,131 1,576 -27,77
20,148 1,718 -27,76
20,164 1,782 -27,78
20,181 1,918 -27,77
20,198 2,015 -27,73
20,214 2,106 -27,78
20,231 2,230 -27,76
20,248 2,273 -27,75
20,264 2,382 -27,74
20,281 2,427 -27,77
20,298 2,445 -27,78
20,314 2,488 -27,78
20,331 2,542 -27,75
20,348 2,587 -27,70
20,364 2,595 -27,67
20,381 2,596 -27,65
20,398 2,595 -27,64
20,414 2,593 -27,63
20,431 2,591 -27,62
20,448 2,547 -27,58
20,464 2,436 -27,62
20,481 2,412 -27,60
20,498 2,401 -27,61
20,514 2,291 -27,63
