t x y
0.210 -7.191 2.024
0.243 -7.003 2.027
0.276 -6.731 1.955
0.309 -6.351 1.868
0.342 -5.600 1.778
0.375 -4.645 1.632
0.408 -3.693 1.580
0.441 -2.525 1.485
0.474 -1.317 1.411
0.507 -0.148 1.379
0.540 1.112 1.413
0.574 2.310 1.413
0.607 3.323 1.569
0.640 4.310 1.730
0.673 5.075 1.835
0.706 5.765 1.865
0.739 6.180 1.945
0.772 6.435 1.959
0.805 6.542 1.996
0.838 6.370 1.988
0.871 6.006 1.987
0.904 5.528 1.866
0.937 4.883 1.766
0.970 3.975 1.617
1.003 2.918 1.559
1.036 1.807 1.584
1.069 0.623 1.558
1.102 -0.616 1.566
1.135 -1.777 1.565
1.168 -2.930 1.577
1.201 -4.005 1.710
1.234 -4.921 1.754
1.267 -5.719 1.792
1.300 -6.302 1.917
1.333 -6.662 1.895
1.366 -6.867 1.943
1.399 -6.835 1.957
1.432 -6.659 1.948
1.465 -6.309 1.906
1.498 -5.751 1.790
1.531 -4.992 1.748
1.564 -4.204 1.546
1.597 -3.197 1.310
1.630 -2.041 1.368
1.663 -0.858 1.385
1.696 0.268 1.393
1.729 1.506 1.425
1.762 2.661 1.410
1.795 3.670 1.513
1.828 4.558 1.582
1.861 5.470 1.665
1.894 5.980 1.674
1.927 6.350 1.682
1.961 6.543 1.639
1.994 6.540 1.651
2.027 6.319 1.652
2.060 5.914 1.571
2.093 5.199 1.760
2.126 4.469 1.715
2.159 3.514 1.641
2.192 2.412 1.648
2.225 1.272 1.597
2.258 0.130 1.570
2.291 -1.054 1.544
2.324 -2.222 1.422
2.357 -3.332 1.480
2.390 -4.326 1.565
2.423 -5.171 1.768
2.456 -5.863 1.782
2.489 -6.317 1.865
2.522 -6.609 1.840
2.555 -6.700 1.953
2.588 -6.661 1.933
2.621 -6.514 1.853
2.654 -6.091 1.731
2.687 -5.542 1.512
2.720 -4.704 1.475
2.753 -3.751 1.437
2.786 -2.747 1.407
2.819 -1.585 1.426
2.852 -0.393 1.362
2.885 0.750 1.379
2.918 1.913 1.426
2.951 2.969 1.592
2.984 3.920 1.613
3.017 4.779 1.661
3.050 5.447 1.801
3.083 5.923 1.799
3.116 6.203 1.890
3.149 6.361 1.831
3.182 6.268 1.818
3.215 6.056 1.778
3.248 5.582 1.703
3.281 4.880 1.731
3.314 4.087 1.541
3.348 3.076 1.420
3.381 1.988 1.518
3.414 0.860 1.445
3.447 -0.283 1.421
3.480 -1.472 1.378
3.513 -2.613 1.454
3.546 -3.623 1.560
3.579 -4.595 1.575
3.612 -5.333 1.741
3.645 -5.918 1.769
3.678 -6.306 1.891
3.711 -6.513 1.964
3.744 -6.516 2.008
3.777 -6.440 1.952
3.810 -6.108 1.948
3.843 -5.743 1.750
3.876 -5.107 1.587
3.909 -4.240 1.584
3.942 -3.285 1.510
3.975 -2.284 1.400
4.008 -1.094 1.381
4.041 5.561e-2 1.380
4.074 1.167 1.404
4.107 2.286 1.460
4.140 3.312 1.587
4.173 4.286 1.601
4.206 4.961 1.695
4.239 5.658 1.841
4.272 6.065 1.773
4.305 6.236 1.945
4.338 6.280 1.783
4.371 6.091 1.802
4.404 5.946 1.130
4.437 5.237 1.619
4.470 4.489 1.506
4.503 3.645 1.463
4.536 2.659 1.442
4.569 1.557 1.438
4.602 0.410 1.368
4.635 -0.688 1.378
4.668 -1.868 1.378
4.702 -2.968 1.483
4.735 -3.857 1.598
4.768 -4.795 1.600
4.801 -5.371 1.792
4.834 -5.924 1.832
4.867 -6.299 1.839
4.900 -6.368 1.940
4.933 -6.399 1.954
4.966 -6.221 1.941
4.999 -5.822 1.782
5.032 -5.361 1.741
5.065 -4.735 1.554
5.098 -3.867 1.430
5.131 -2.863 1.409
5.164 -1.811 1.402
5.197 -0.674 1.414
5.230 0.480 1.416
5.263 1.576 1.453
5.296 2.623 1.441
5.329 3.563 1.570
5.362 4.474 1.659
5.395 5.050 1.771
5.428 5.719 1.896
5.461 5.980 1.851
5.494 6.024 1.907
5.527 6.010 1.882
5.560 5.787 1.806
5.593 5.392 1.861
5.626 4.782 1.762
5.659 4.069 1.622
5.692 3.129 1.622
5.725 2.179 1.554
5.758 1.045 1.512
5.791 -9.942e-2 1.459
5.824 -1.147 1.407
5.857 -2.269 1.460
5.890 -3.353 1.493
5.923 -4.201 1.571
5.956 -4.963 1.687
5.989 -5.744 1.412
6.022 -6.074 1.741
6.055 -6.270 1.930
6.089 -6.425 1.918
6.122 -6.414 1.805
6.155 -6.092 1.761
6.188 -5.708 1.673
6.221 -5.076 1.575
6.254 -4.359 1.571
6.287 -3.439 1.465
6.320 -2.369 1.377
6.353 -1.324 1.334
6.386 -0.206 1.321
6.419 0.929 1.353
6.452 2.020 1.391
6.485 2.959 1.479
6.518 3.904 1.600
6.551 4.671 1.709
6.584 5.204 1.755
6.617 5.785 1.710
6.650 5.944 1.742
6.683 5.967 1.767
6.716 5.921 1.733
6.749 5.688 1.625
6.782 5.201 1.519
6.815 4.475 1.593
6.848 3.636 1.573
6.881 2.773 1.553
6.914 1.771 1.452
6.947 0.648 1.405
6.980 -0.490 1.386
7.013 -1.562 1.405
7.046 -2.629 1.422
7.079 -3.634 1.457
7.112 -4.441 1.560
7.145 -5.206 1.644
7.178 -5.792 1.588
7.211 -6.244 1.481
7.244 -6.461 1.529
7.277 -6.457 1.454
7.310 -6.288 1.518
7.343 -5.897 1.517
7.376 -5.360 1.635
7.409 -4.755 1.305
7.443 -3.955 1.152
7.476 -2.975 1.380
7.509 -1.950 1.417
7.542 -0.839 1.380
7.575 0.205 1.406
7.608 1.330 1.423
7.641 2.413 1.485
7.674 3.252 1.552
7.707 4.125 1.654
7.740 4.853 1.691
7.773 5.393 1.724
7.806 5.638 1.842
7.839 5.839 1.772
7.872 5.901 1.804
7.905 5.919 1.130
7.938 5.441 1.349
7.971 4.783 1.589
8.004 4.144 1.599
8.037 3.237 1.580
8.070 2.294 1.454
8.103 1.298 1.442
8.136 0.212 1.411
8.169 -0.924 1.408
8.202 -1.934 1.426
8.235 -2.964 1.401
8.268 -3.897 1.411
8.301 -4.692 1.457
8.334 -5.439 1.131
8.367 -5.757 1.755
8.400 -6.049 1.758
8.433 -6.224 1.660
8.466 -6.230 1.612
8.499 -5.942 1.747
8.532 -5.557 1.701
8.565 -4.989 1.593
8.598 -4.218 1.572
8.631 -3.448 1.417
8.664 -2.519 1.379
8.697 -1.481 1.192
8.730 -0.391 1.318
8.763 0.649 1.342
8.796 1.711 1.402
8.830 2.737 1.518
8.863 3.574 1.565
8.896 4.344 1.612
8.929 5.092 1.749
8.962 5.518 1.812
8.995 5.682 1.796
9.028 5.789 1.831
9.061 5.713 1.800
9.094 5.447 1.790
9.127 5.041 1.709
9.160 4.443 1.656
9.193 3.710 1.684
9.226 2.793 1.626
9.259 1.814 1.555
9.292 0.835 1.420
9.325 -0.264 1.466
9.358 -1.325 1.401
9.391 -2.346 1.421
9.424 -3.296 1.438
9.457 -4.177 1.496
9.490 -4.911 1.526
9.523 -5.485 1.502
9.556 -5.894 1.508
9.589 -6.088 1.757
9.622 -6.132 1.776
9.655 -5.949 1.807
9.688 -5.705 1.743
9.721 -5.292 1.743
9.754 -4.729 1.500
9.787 -3.935 1.406
9.820 -3.100 1.431
9.853 -2.131 1.415
9.886 -0.999 1.425
9.919 -3.635e-3 1.380
9.952 1.046 1.409
9.985 2.035 1.455
10.018 2.993 1.536
10.051 3.775 1.636
10.084 4.525 1.618
10.117 5.108 1.651
10.150 5.660 1.636
10.183 5.844 1.650
10.216 5.873 1.675
10.250 5.715 1.637
10.283 5.323 1.646
10.316 4.823 1.417
10.349 4.128 1.427
10.382 3.378 1.393
10.415 2.397 1.551
10.448 1.374 1.420
10.481 0.387 1.395
10.514 -0.672 1.384
10.547 -1.759 1.375
10.580 -2.703 1.398
10.613 -3.572 1.446
10.646 -4.388 1.510
10.679 -4.967 1.605
10.712 -5.513 1.534
10.745 -5.740 1.765
10.778 -5.857 1.773
10.811 -5.859 1.771
10.844 -5.702 1.741
10.877 -5.344 1.681
10.910 -4.944 1.554
10.943 -4.277 1.552
10.976 -3.522 1.465
11.009 -2.697 1.382
11.042 -1.678 1.285
11.075 -0.637 1.402
11.108 0.442 1.399
11.141 1.388 1.417
11.174 2.413 1.519
11.207 3.292 1.446
11.240 4.103 1.515
11.273 4.698 1.647
11.306 5.289 1.864
11.339 5.650 1.781
11.372 5.725 1.785
11.405 5.727 1.810
11.438 5.406 1.767
11.471 5.020 1.711
11.504 4.397 1.580
11.537 3.647 1.601
11.570 2.921 1.519
11.604 1.968 1.328
11.637 0.961 1.329
11.670 -6.183e-2 1.367
11.703 -1.079 1.359
11.736 -2.127 1.380
11.769 -3.089 1.418
11.802 -3.877 1.456
11.835 -4.650 1.441
11.868 -5.261 1.444
11.901 -5.663 1.450
11.934 -5.905 1.561
11.967 -5.897 1.727
12.000 -5.834 1.636
12.033 -5.649 1.611
12.066 -5.259 1.625
12.099 -4.613 1.562
12.132 -3.986 1.349
12.165 -3.116 1.361
12.198 -2.174 1.399
12.231 -1.244 1.383
12.264 -0.202 1.382
12.297 0.828 1.370
12.330 1.778 1.420
12.363 2.719 1.469
12.396 3.551 1.535
12.429 4.269 1.451
12.462 4.835 1.492
12.495 5.240 1.497
12.528 5.449 1.523
12.561 5.441 1.532
12.594 5.394 1.387
12.627 5.074 1.714
12.660 4.616 1.587
12.693 4.008 1.633
12.726 3.239 1.570
12.759 2.405 1.573
12.792 1.464 1.506
12.825 0.465 1.403
12.858 -0.498 1.359
12.891 -1.487 1.373
12.924 -2.482 1.399
12.957 -3.359 1.392
12.991 -4.131 1.509
13.024 -4.827 1.562
13.057 -5.388 1.674
13.090 -5.785 1.690
13.123 -5.877 1.743
13.156 -5.903 1.762
13.189 -5.719 1.755
13.222 -5.368 1.747
13.255 -4.913 1.580
13.288 -4.325 1.557
13.321 -3.603 1.343
13.354 -2.707 1.398
13.387 -1.763 1.379
13.420 -0.808 1.397
13.453 0.227 1.382
13.486 1.226 1.423
13.519 2.152 1.487
13.552 2.982 1.565
13.585 3.725 1.632
13.618 4.315 1.653
13.651 4.812 1.756
13.684 5.224 1.774
13.717 5.471 1.783
13.750 5.523 1.826
13.783 5.346 1.800
13.816 4.930 1.724
13.849 4.384 1.563
13.882 3.710 1.529
13.915 2.895 1.464
13.948 2.041 1.438
13.981 1.099 1.369
14.014 9.615e-2 1.380
14.047 -0.945 1.372
14.080 -1.857 1.377
14.113 -2.788 1.411
14.146 -3.605 1.465
14.179 -4.222 1.579
14.212 -4.781 1.642
14.245 -5.191 1.696
14.278 -5.587 1.612
14.311 -5.652 1.643
14.345 -5.594 1.627
14.378 -5.367 1.612
14.411 -4.987 1.670
14.444 -4.468 1.558
14.477 -3.946 1.462
14.510 -3.203 1.378
14.543 -2.291 1.387
14.576 -1.313 1.394
14.609 -0.383 1.381
14.642 0.625 1.381
14.675 1.581 1.417
14.708 2.443 1.461
14.741 3.238 1.552
14.774 3.996 1.599
14.807 4.559 1.615
14.840 4.981 1.711
14.873 5.298 1.472
14.906 5.341 1.602
14.939 5.329 1.624
14.972 5.072 1.655
15.005 4.597 1.426
15.038 4.034 1.455
15.071 3.325 1.434
15.104 2.489 1.414
15.137 1.594 1.394
15.170 0.670 1.394
15.203 -0.317 1.377
15.236 -1.295 1.363
15.269 -2.196 1.367
15.302 -3.092 1.418
15.335 -3.858 1.478
15.368 -4.458 1.375
15.401 -4.968 1.569
15.434 -5.351 1.635
15.467 -5.631 1.603
15.500 -5.664 1.564
15.533 -5.426 1.571
15.566 -5.250 1.551
15.599 -4.948 1.518
15.632 -4.322 1.322
15.665 -3.612 1.367
15.698 -2.789 1.393
15.732 -1.867 1.375
15.765 -0.921 1.361
15.798 3.494e-2 1.379
15.831 1.025 1.231
15.864 1.963 1.210
15.897 2.829 1.219
15.930 3.522 1.420
15.963 4.115 1.590
15.996 4.638 1.681
16.029 4.968 1.751
16.062 5.122 1.784
16.095 5.166 1.795
16.128 4.962 1.775
16.161 4.644 1.773
16.194 4.217 1.616
16.227 3.604 1.559
16.260 2.924 1.517
16.293 2.074 1.381
16.326 1.163 1.376
16.359 0.285 1.383
16.392 -0.672 1.361
16.425 -1.651 1.391
16.458 -2.508 1.417
16.491 -3.268 1.565
16.524 -4.024 1.588
16.557 -4.587 1.571
16.590 -5.042 1.637
16.623 -5.479 1.675
16.656 -5.547 1.610
16.689 -5.484 1.614
16.722 -5.371 1.564
16.755 -4.992 1.567
16.788 -4.512 1.472
16.821 -3.907 1.353
16.854 -3.176 1.333
16.887 -2.376 1.348
16.920 -1.446 1.257
16.953 -0.491 1.306
16.986 0.464 1.298
17.019 1.362 1.284
17.052 2.244 1.433
17.085 3.059 1.485
17.119 3.729 1.570
17.152 4.258 1.597
17.185 4.693 1.730
17.218 4.878 1.785
17.251 4.980 1.770
17.284 4.924 1.797
17.317 4.779 1.750
17.350 4.441 1.714
17.383 3.947 1.574
17.416 3.285 1.305
17.449 2.532 1.413
17.482 1.642 1.429
17.515 0.689 1.386
17.548 -0.198 1.226
17.581 -1.138 1.247
17.614 -2.042 1.259
17.647 -2.884 1.376
17.680 -3.618 1.389
17.713 -4.238 1.520
17.746 -4.803 1.429
17.779 -5.190 1.471
17.812 -5.374 1.546
17.845 -5.367 1.518
17.878 -5.304 1.417
17.911 -5.095 1.432
17.944 -4.717 1.441
17.977 -4.228 1.480
18.010 -3.519 1.404
18.043 -2.768 1.379
18.076 -1.965 1.408
18.109 -1.042 1.301
18.142 -9.154e-2 1.365
18.175 0.841 1.412
18.208 1.679 1.426
18.241 2.563 1.517
18.274 3.309 1.535
18.307 3.948 1.661
18.340 4.469 1.542
18.373 4.832 1.475
18.406 4.992 1.466
18.439 5.016 1.463
18.473 4.819 1.664
18.506 4.552 1.579
18.539 4.195 1.607
18.572 3.582 1.556
18.605 2.882 1.510
18.638 2.113 1.391
18.671 1.231 1.307
18.704 0.293 1.341
18.737 -0.616 1.312
18.770 -1.489 1.302
18.803 -2.396 1.289
18.836 -3.205 1.143
18.869 -3.847 1.357
18.902 -4.403 1.506
18.935 -4.799 1.570
18.968 -5.137 1.595
19.001 -5.363 1.495
19.034 -5.308 1.468
19.067 -5.140 1.499
19.100 -4.791 1.556
19.133 -4.295 1.571
19.166 -3.785 1.554
19.199 -3.145 1.409
19.232 -2.348 1.393
19.265 -1.458 1.230
19.298 -0.611 1.321
19.331 0.303 1.400
19.364 1.216 1.404
19.397 2.028 1.515
19.430 2.785 1.541
19.463 3.510 1.492
19.496 4.081 1.516
19.529 4.484 1.570
19.562 4.720 1.570
19.595 4.932 1.407
19.628 4.960 1.448
19.661 4.746 1.452
19.694 4.373 1.489
19.727 3.892 1.434
19.760 3.226 1.410
19.793 2.488 1.325
19.826 1.707 1.241
19.860 0.836 1.286
19.893 -0.108 1.280
19.926 -1.038 1.339
19.959 -1.869 1.277
19.992 -2.695 1.407
20.025 -3.401 1.433
20.058 -3.996 1.483
20.091 -4.513 1.502
20.124 -4.939 1.498
20.157 -5.176 1.548
20.190 -5.149 1.610
20.223 -5.118 1.580
20.256 -4.926 1.585
20.289 -4.558 1.579
20.322 -4.014 1.577
20.355 -3.462 1.530
20.388 -2.722 1.378
20.421 -1.972 1.395
20.454 -1.047 1.389
20.487 -0.262 1.416
20.520 0.670 1.426
20.553 1.585 1.463
20.586 2.375 1.477
20.619 3.122 1.527
20.652 3.754 1.496
20.685 4.221 1.519
20.718 4.572 1.505
20.751 4.769 1.508
20.784 4.864 1.539
20.817 4.788 1.314
20.850 4.522 1.497
20.883 4.144 1.387
20.916 3.573 1.416
20.949 2.918 1.397
20.982 2.119 1.357
21.015 1.326 1.276
21.048 0.513 1.416
21.081 -0.405 1.393
21.114 -1.319 1.372
21.147 -2.138 1.402
21.180 -2.897 1.438
21.213 -3.635 1.463
21.246 -4.253 1.361
21.280 -4.674 1.399
21.313 -5.050 1.318
21.346 -5.131 1.458
21.379 -5.140 1.406
21.412 -5.057 1.226
21.445 -4.798 1.305
21.478 -4.386 1.215
21.511 -3.840 1.278
21.544 -3.096 1.347
21.577 -2.323 1.376
21.610 -1.516 1.366
21.643 -0.606 1.393
21.676 0.175 1.324
21.709 1.099 1.366
21.742 1.933 1.323
21.775 2.692 1.263
21.808 3.375 1.461
21.841 3.948 1.307
21.874 4.375 1.356
21.907 4.689 1.449
21.940 4.741 1.458
21.973 4.770 1.439
22.006 4.572 1.468
22.039 4.276 1.497
22.072 3.788 1.482
22.105 3.188 1.387
22.138 2.498 1.400
22.171 1.732 1.379
22.204 0.887 1.397
22.237 5.363e-2 1.391
22.270 -0.847 1.339
22.303 -1.723 1.293
22.336 -2.481 1.300
22.369 -3.242 1.306
22.402 -3.830 1.447
22.435 -4.224 1.592
22.468  1.588
22.501 -5.023 1.563
22.534 -5.104 1.574
22.567 -5.052 1.570
22.601 -4.889 1.561
22.634 -4.559 1.579
22.667 -4.176 1.572
22.700 -3.511 1.520
22.733 -2.782 1.393
22.766 -2.034 1.377
22.799 -1.215 1.367
22.832 -0.318 1.365
22.865 0.493 1.424
22.898 1.327 1.375
22.931 2.181 1.381
22.964 2.932 1.353
22.997 3.525 1.348
23.030 3.923 1.527
23.063 4.310 1.504
23.096 4.496 1.538
23.129 4.503 1.706
23.162 4.441 1.556
23.195 4.182 1.573
23.228 3.856 1.589
23.261 3.331 1.571
23.294 2.763 1.480
23.327 2.015 1.417
23.360 1.240 1.313
23.393 0.455 1.183
23.426 -0.390 1.270
23.459 -1.263 1.199
23.492 -2.125 1.329
23.525 -2.851 1.377
23.558 -3.496 1.420
23.591 -4.104 1.420
23.624 -4.511 1.452
23.657 -4.845 1.420
23.690 -5.042 1.416
23.723 -5.175 0.961
23.756 -5.083 0.759
23.789 -4.800 0.968
23.822 -4.343 0.919
23.855 -3.839 1.461
23.888 -3.152 1.363
23.921 -2.406 1.395
23.954 -1.648 1.359
23.988 -0.823 1.442
24.021 7.984e-2 1.422
24.054 0.918 1.401
24.087 1.703 1.442
24.120 2.470 1.463
24.153 3.170 1.486
24.186 3.678 1.434
24.219 4.112 1.504
24.252 4.375 1.502
24.285 4.507 1.527
24.318 4.565 1.611
24.351 4.443 1.655
24.384 4.081 1.658
24.417 3.657 1.534
24.450 3.107 1.426
24.483 2.410 1.431
24.516 1.643 1.458
24.549 0.853 1.440
24.582 2.769e-2 1.366
24.615 -0.758 1.377
24.648 -1.576 1.366
24.681 -2.373 1.359
24.714 -3.100 1.414
24.747 -3.664 1.456
24.780 -4.227 1.489
24.813 -4.593 1.528
24.846 -4.850 1.559
24.879 -4.998 1.565
24.912 -4.940 1.600
24.945 -4.820 1.570
24.978 -4.478 1.566
25.011 -4.106 1.569
25.044 -3.510 1.560
25.077 -2.805 1.390
25.110 -2.016 1.371
25.143 -1.240 1.390
25.176 -0.437 1.363
25.209 0.483 1.405
25.242 1.259 1.441
25.275 2.007 1.476
25.308 2.759 1.438
25.341 3.340 1.515
25.375 3.740 1.632
25.408 4.105 1.648
25.441 4.308 1.644
25.474 4.447 1.483
25.507 4.370 1.451
25.540 4.189 1.444
25.573 3.810 1.458
25.606 3.354 1.559
25.639 2.770 1.516
25.672 2.033 1.427
25.705 1.260 1.426
25.738 0.471 1.395
25.771 -0.386 1.367
25.804 -1.154 1.379
25.837 -1.951 1.381
25.870 -2.737 1.423
25.903 -3.363 1.292
25.936 -3.890 1.289
25.969 -4.388 1.396
26.002 -4.655 1.479
26.035 -4.771 1.577
26.068 -4.753 1.606
26.101 -4.666 1.581
26.134 -4.464 1.592
26.167 -4.189 1.551
26.200 -3.725 1.549
26.233 -3.149 1.457
26.266 -2.380 1.362
26.299 -1.597 1.386
26.332 -0.835 1.397
26.365 -5.357e-5 1.342
26.398 0.835 1.255
26.431 1.631 1.313
26.464 2.334 1.310
26.497 2.962 1.404
26.530 3.507 1.447
26.563 3.894 1.460
26.596 4.292 1.102
26.629 4.489 0.941
26.662 4.479 0.881
