t x y
0,533 9,252 1,590
0,566 8,831 1,591
0,599 8,121 1,660
0,632 7,148 1,708
0,665 6,008 1,601
0,698 4,813 1,462
0,731 3,381 1,361
0,764 1,893 1,341
0,797 0,409 1,278
0,830 -1,166 1,302
0,863 -2,710 1,371
0,896 -4,213 1,420
0,929 -5,579 1,543
0,962 -6,938 1,723
0,995 -7,794 1,922
1,028 -8,593 2,097
1,061 -9,255 2,322
1,094 -9,644 2,410
1,127 -9,854 2,445
1,160 -9,862 2,439
1,193 -9,653 2,415
1,226 -9,235 2,335
1,259 -8,650 2,178
1,292 -7,856 1,981
1,325 -6,867 1,762
1,358 -5,667 1,709
1,391 -4,327 1,584
1,425 -2,845 1,453
1,458 -1,401 1,391
1,491 0,225 1,348
1,524 1,801 1,375
1,557 3,210 1,391
1,590 4,635 1,526
1,623 5,920 1,623
1,656 6,946 1,748
1,689 7,763 1,931
1,722 8,503 1,979
1,755 8,942 2,024
1,788 9,313 1,827
1,821 9,335 1,820
1,854 9,140 1,667
1,887 8,738 1,626
1,920 7,935 1,797
1,953 7,075 1,609
1,986 5,964 1,539
2,019 4,749 1,415
2,052 3,342 1,332
2,085 1,877 1,334
2,118 0,408 1,267
2,151 -1,171 1,255
2,184 -2,730 1,298
2,217 -4,095 1,516
2,250 -5,532 1,662
2,283 -6,694 1,789
2,316 -7,654 1,960
2,349 -8,457 2,179
2,382 -9,054 2,363
2,415 -9,468 2,431
2,448 -9,764 2,339
2,481 -9,827 2,370
2,514 -9,619 2,336
2,547 -9,243 2,272
2,580 -8,617 2,135
2,613 -7,703 2,026
2,646 -6,746 1,769
2,679 -5,643 1,642
2,712 -4,234 1,545
2,745 -2,790 1,422
2,778 -1,286 1,340
2,811 0,265 1,330
2,845 1,789 1,378
2,878 3,194 1,401
2,911 4,591 1,542
2,944 5,882 1,591
2,977 6,879 1,741
3,010 7,752 1,886
3,043 8,453 1,987
3,076 9,156 2,115
3,109 9,355 1,986
3,142 9,299 1,951
3,175 9,021 1,935
3,208 8,585 1,909
3,241 7,843 1,799
3,274 7,010 1,659
3,307 5,928 1,517
3,340 4,683 1,510
3,373 3,265 1,396
3,406 1,853 1,366
3,439 0,300 1,348
3,472 -1,280 1,356
3,505 -2,734 1,377
3,538 -4,227 1,475
3,571 -5,608 1,543
3,604 -6,981 1,391
3,637 -7,700 1,954
3,670 -8,539 2,128
3,703 -9,248 2,267
3,736 -9,562 2,278
3,769 -9,802 2,373
3,802 -9,829 2,366
3,835 -9,635 2,342
3,868 -9,239 2,231
3,901 -8,596 2,107
3,934 -7,789 1,975
3,967 -6,872 1,819
4,000 -5,570 1,606
4,033 -4,257 1,478
4,066 -2,842 1,389
4,099 -1,289 1,354
4,132 0,261 1,318
4,165 1,738 1,364
4,199 3,204 1,447
4,232 4,597 1,550
4,265 5,799 1,674
4,298 6,773 1,785
4,331 7,730 1,818
4,364 8,326 1,959
4,397 8,740 1,993
4,430 8,957 2,060
4,463 8,950 2,017
4,496 8,731 1,977
4,529 8,336 1,854
4,562 7,724 1,701
4,595 6,892 1,550
4,628 5,797 1,573
4,661 4,534 1,385
4,694 3,185 1,354
4,727 1,793 1,297
4,760 0,238 1,291
4,793 -1,309 1,250
4,826 -2,733 1,328
4,859 -4,253 1,397
4,892 -5,639 1,430
4,925 -6,887 1,426
4,958 -8,069 1,282
4,991 -9,023 1,222
5,024 -9,782 1,031
5,057 -10,02 1,395
5,090 -10,01 1,809
5,123 -10,02 1,803
5,156 -9,838 1,783
5,189 -9,442 1,625
5,222 -8,648 1,797
5,255 -7,855 1,597
5,288 -6,843 1,414
5,321 -5,527 1,473
5,354 -4,197 1,302
5,387 -2,739 1,284
5,420 -1,175 1,247
5,453 0,349 1,302
5,487 1,805 1,233
5,519 3,300 1,366
5,552 4,703 1,395
5,586 5,892 1,474
5,619 7,021 1,639
5,652 7,905 1,455
5,685 8,567 1,760
5,718 9,081 1,293
5,751 9,366 1,767
5,784 9,366 1,844
5,817 9,092 1,916
5,850 8,583 1,679
5,883 7,833 1,367
5,916 6,955 1,539
5,949 5,828 1,535
5,982 4,538 1,360
6,015 3,223 1,332
6,048 1,775 1,243
6,081 0,234 1,181
6,114 -1,229 1,241
6,147 -2,722 1,241
6,180 -4,203 1,327
6,213 -5,492 1,518
6,246 -6,684 1,634
6,279 -7,671 1,839
6,312 -8,434 2,003
6,345 -9,007 2,111
6,378 -9,426 2,207
6,411 -9,628 2,231
6,444 -9,628 2,223
6,477 -9,426 2,205
6,510 -9,046 2,063
6,543 -8,453 1,874
6,576 -7,628 1,732
6,609 -6,485 1,730
6,642 -5,457 1,426
6,675 -4,127 1,399
6,708 -2,607 1,387
6,741 -1,114 1,253
6,774 0,364 1,310
6,807 1,901 1,355
6,840 3,359 1,315
6,873 4,685 1,504
6,906 5,889 1,551
6,939 7,027 1,707
6,973 7,872 1,420
7,006 8,586 1,905
7,039 9,031 1,240
7,072 9,243 1,234
7,105 9,224 1,112
7,138 8,966 1,373
7,171 8,412 1,393
7,204 7,799 1,628
7,237 6,851 1,448
7,270 5,717 1,433
7,303 4,487 1,405
7,336 3,169 1,304
7,369 1,690 1,225
7,402 0,184 1,233
7,435 -1,295 1,211
7,468 -2,763 1,341
7,501 -4,224 1,323
7,534 -5,479 1,493
7,567 -6,697 1,670
7,600 -7,663 1,837
7,633 -8,432 1,983
7,666 -9,051 2,080
7,699 -9,437 2,131
7,732 -9,625 2,166
7,765 -9,627 2,169
7,798 -9,453 2,079
7,831 -8,854 2,179
7,864 -8,427 1,812
7,897 -7,480 1,840
7,930 -6,477 1,593
7,963 -5,312 1,592
7,996 -4,021 1,366
8,029 -2,546 1,285
8,062 -1,128 1,227
8,095 0,372 1,238
8,128 1,921 1,311
8,161 3,344 1,346
8,194 4,597 1,372
8,227 5,863 1,459
8,260 6,881 1,512
8,293 7,751 1,643
8,327 8,449 1,465
8,360 8,972 1,763
8,393 9,161 1,436
8,426 9,165 1,395
8,459 8,860 1,250
8,492 8,351 1,481
8,525 7,637 1,367
8,558 6,712 1,474
8,591 5,617 1,413
8,624 4,410 1,355
8,657 3,028 1,350
8,690 1,588 1,223
8,723 0,181 1,225
8,756 -1,343 1,216
8,789 -2,889 1,258
8,822 -4,279 1,222
8,855 -5,618 1,243
8,888 -6,861 1,323
8,921 -7,986 1,117
8,954 -8,463 1,860
8,987 -9,034 2,009
9,020 -9,435 2,029
9,053 -9,640 2,047
9,086 -9,629 2,011
9,119 -9,413 1,913
9,152 -9,040 1,867
9,185 -8,450 1,661
9,218 -7,473 1,706
9,251 -6,494 1,544
9,284 -5,355 1,359
9,317 -3,938 1,370
9,350 -2,504 1,249
9,383 -1,129 1,205
9,416 0,434 1,212
9,449 1,918 1,305
9,482 3,275 1,358
9,515 4,612 1,386
9,548 5,807 1,562
9,581 6,833 1,588
9,614 7,687 1,587
9,647 8,150 1,916
9,680 8,557 1,941
9,714 8,752 1,937
9,747 8,737 1,914
9,780 8,551 1,870
9,813 8,083 1,690
9,846 7,381 1,725
9,879 6,561 1,625
9,912 5,532 1,451
9,945 4,300 1,340
9,978 2,956 1,329
10,011 1,549 1,321
10,044 0,165 1,336
10,077 -1,380 1,353
10,110 -2,863 1,367
10,143 -4,124 1,519
10,176 -5,512 1,643
10,209 -6,632 1,755
10,242 -7,490 1,968
10,275 -8,250 2,167
10,308 -8,860 2,257
10,341 -9,221 2,278
10,374 -9,407 2,332
10,407 -9,364 2,324
10,440 -9,080 2,362
10,473 -8,716 2,150
10,506 -8,071 2,110
10,539 -7,257 1,950
10,572 -6,312 1,791
10,605 -5,145 1,672
10,638 -3,766 1,565
10,671 -2,406 1,407
10,704 -0,980 1,366
10,737 0,533 1,373
10,770 1,976 1,342
10,803 3,312 1,453
10,836 4,672 1,544
10,869 5,868 1,597
10,902 6,845 1,713
10,935 7,719 1,747
10,968 8,381 1,898
11,001 8,799 1,470
11,034 8,877 1,969
11,068 8,860 1,971
11,101 8,510 1,848
11,134 8,143 1,661
11,167 7,447 1,483
11,200 6,519 1,537
11,233 5,489 1,474
11,266 4,221 1,359
11,299 2,873 1,315
11,332 1,521 1,340
11,365 4,232E-2 1,304
11,398 -1,429 1,381
11,431 -2,877 1,364
11,464 -4,263 1,477
11,497 -5,545 1,657
11,530 -6,637 1,727
11,563 -7,489 1,981
11,596 -8,241 2,152
11,629 -8,837 2,223
11,662 -9,069 2,389
11,695 -9,257 2,390
11,728 -9,248 2,362
11,761 -9,032 2,299
11,794 -8,647 2,206
11,827 -8,045 2,007
11,860 -7,153 1,886
11,893 -6,250 1,757
11,926 -5,102 1,624
11,959 -3,778 1,531
11,992 -2,430 1,396
12,025 -0,953 1,343
12,058 0,578 1,335
12,091 1,957 1,362
12,124 3,339 1,480
12,157 4,654 1,566
12,190 5,839 1,720
12,223 6,801 1,757
12,256 7,596 1,913
12,289 7,992 1,966
12,322 8,404 2,054
12,355 8,557 1,994
12,388 8,529 1,963
12,421 8,300 1,919
12,455 7,932 1,856
12,488 7,172 1,776
12,521 6,381 1,669
12,554 5,345 1,491
12,587 4,115 1,359
12,620 2,797 1,313
12,653 1,448 1,316
12,686 -8,362E-2 1,342
12,719 -1,551 1,346
12,752 -2,899 1,390
12,785 -4,315 1,542
12,818 -5,549 1,735
12,851 -6,643 1,812
12,884 -7,496 1,986
12,917 -8,257 2,117
12,950 -8,850 2,236
12,983 -9,071 2,354
13,016 -9,256 2,342
13,049 -9,239 2,316
13,082 -9,024 2,297
13,115 -8,603 2,201
13,148 -8,038 2,034
13,181 -7,264 1,832
13,214 -6,151 1,708
13,247 -5,030 1,640
13,280 -3,746 1,462
13,313 -2,350 1,381
13,346 -0,911 1,365
13,379 0,550 1,358
13,412 1,949 1,371
13,445 3,348 1,449
13,478 4,665 1,496
13,511 5,726 1,583
13,544 6,798 1,712
13,577 7,603 1,906
13,610 8,093 1,949
13,643 8,363 1,995
13,676 8,536 1,966
13,709 8,557 1,889
13,742 8,311 1,911
13,775 7,875 1,900
13,809 7,162 1,761
13,842 6,372 1,705
13,875 5,242 1,552
13,908 4,021 1,442
13,941 2,762 1,363
13,974 1,368 1,324
14,007 -0,119 1,341
14,040 -1,525 1,350
14,073 -2,923 1,417
14,106 -4,339 1,540
14,139 -5,533 1,719
14,172 -6,648 1,828
14,205 -7,485 1,976
14,238 -8,223 2,138
14,271 -8,815 2,226
14,304 -9,116 2,327
14,337 -9,267 2,367
14,370 -9,234 2,353
14,403 -8,983 2,308
14,436 -8,598 2,203
14,469 -7,909 2,020
14,502 -7,094 1,950
14,535 -6,105 1,761
14,568 -4,956 1,603
14,601 -3,721 1,430
14,634 -2,258 1,357
14,667 -0,840 1,385
14,700 0,597 1,344
14,733 1,992 1,364
14,766 3,372 1,424
14,799 4,618 1,531
14,832 5,704 1,600
14,865 6,708 1,727
14,898 7,514 1,898
14,931 7,942 1,949
14,964 8,319 1,944
14,997 8,512 1,932
15,030 8,486 1,933
15,063 8,178 1,923
15,096 7,801 1,905
15,129 7,001 1,737
15,162 6,237 1,699
15,195 5,162 1,518
15,229 3,959 1,406
15,262 2,697 1,356
15,295 1,241 1,277
15,328 -0,170 1,255
15,361 -1,553 1,322
15,394 -2,998 1,428
15,427 -4,346 1,542
15,460 -5,538 1,642
15,493 -6,526 1,804
15,526 -7,460 1,935
15,559 -8,088 2,159
15,592 -8,663 2,194
15,625 -9,083 2,325
15,658 -9,216 2,300
15,691 -9,067 2,345
15,724 -8,868 2,251
15,757 -8,450 2,126
15,790 -7,853 1,984
15,823 -7,000 1,906
15,856 -5,998 1,722
15,889 -4,869 1,582
15,922 -3,620 1,428
15,955 -2,223 1,370
15,988 -0,769 1,357
16,021 0,610 1,358
16,054 2,027 1,369
16,087 3,388 1,386
16,120 4,557 1,528
16,153 5,708 1,587
16,186 6,639 1,712
16,219 7,384 1,783
16,252 7,873 1,916
16,285 8,286 1,923
16,318 8,417 1,945
16,351 8,360 1,939
16,384 8,141 1,864
16,417 7,665 1,716
16,450 6,976 1,736
16,483 6,109 1,618
16,516 5,043 1,524
16,549 3,902 1,399
16,582 2,594 1,341
16,616 1,169 1,313
16,649 -0,220 1,339
16,682 -1,585 1,354
16,715 -3,060 1,384
16,748 -4,366 1,562
16,781 -5,480 1,695
16,814 -6,554 1,794
16,847 -7,494 1,914
16,880 -8,098 2,160
16,913 -8,670 2,274
16,946 -8,886 2,289
16,979 -9,056 2,345
17,012 -9,040 2,311
17,045 -8,819 2,249
17,078 -8,295 2,168
17,111 -7,683 2,027
17,144 -6,893 1,851
17,177 -5,870 1,743
17,210 -4,763 1,643
17,243 -3,491 1,528
17,276 -2,113 1,384
17,309 -0,750 1,375
17,342 0,672 1,382
17,375 2,072 1,387
17,408 3,374 1,430
17,441 4,576 1,546
17,474 5,710 1,624
17,507 6,618 1,725
17,540 7,377 1,780
17,573 7,777 1,937
17,606 8,147 1,961
17,639 8,298 1,961
17,672 8,250 1,934
17,705 7,929 1,915
17,738 7,556 1,810
17,771 6,797 1,768
17,804 5,955 1,568
17,837 4,952 1,457
17,870 3,818 1,407
17,903 2,448 1,334
17,936 1,065 1,320
17,970 -0,272 1,343
18,003 -1,715 1,362
18,036 -3,136 1,415
18,069 -4,398 1,544
18,102 -5,551 1,726
18,135 -6,625 1,828
18,168 -7,470 1,968
18,201 -8,137 2,090
18,234 -8,667 2,197
18,267 -9,046 2,261
18,300 -9,050 2,314
18,333 -8,969 2,305
18,366 -8,760 2,169
18,399 -8,289 2,131
18,432 -7,675 1,987
18,465 -6,879 1,821
18,498 -5,740 1,754
18,531 -4,718 1,587
18,564 -3,388 1,545
18,597 -2,015 1,421
18,630 -0,700 1,367
18,663 0,757 1,371
18,696 2,171 1,380
18,729 3,393 1,413
18,762 4,624 1,550
18,795 5,752 1,580
18,828 6,604 1,742
18,861 7,335 1,845
18,894 7,862 1,903
18,927 8,171 1,952
18,960 8,270 1,919
18,993 8,247 1,930
19,026 7,936 1,932
19,059 7,512 1,794
19,092 6,770 1,719
19,125 5,879 1,522
19,158 4,878 1,520
19,191 3,725 1,369
19,224 2,407 1,335
19,257 1,035 1,334
19,290 -0,321 1,322
19,323 -1,751 1,364
19,357 -3,127 1,450
19,390 -4,349 1,555
19,423 -5,616 1,673
19,456 -6,670 1,781
19,489 -7,450 1,948
19,522 -8,095 2,120
19,555 -8,655 2,177
19,588 -8,989 2,207
19,621 -9,069 2,215
19,654 -9,033 2,195
19,687 -8,715 2,144
19,720 -8,211 2,082
19,753 -7,652 1,933
19,786 -6,716 1,823
19,819 -5,730 1,727
19,852 -4,662 1,574
19,885 -3,343 1,538
19,918 -1,984 1,396
19,951 -0,622 1,396
19,984 0,826 1,354
20,017 2,186 1,376
20,050 3,408 1,400
20,083 4,642 1,556
20,116 5,735 1,597
20,149 6,563 1,736
20,182 7,338 1,765
20,215 7,766 1,919
20,248 8,063 1,921
20,281 8,183 1,893
20,314 8,267 1,825
20,347 7,903 1,752
20,380 7,467 1,691
20,413 6,749 1,695
20,446 5,820 1,585
20,479 4,832 1,529
20,512 3,590 1,428
20,545 2,302 1,354
20,578 1,022 1,333
20,611 -0,375 1,327
20,644 -1,817 1,384
20,677 -3,160 1,429
20,711 -4,343 1,546
20,744 -5,498 1,706
20,777 -6,525 1,834
20,810 -7,284 1,991
20,843 -8,022 2,081
20,876 -8,488 2,218
20,909 -8,844 2,202
20,942 -8,951 2,212
20,975 -8,866 2,212
21,008 -8,587 2,141
21,041 -8,099 2,065
21,074 -7,430 1,911
21,107 -6,637 1,747
21,140 -5,709 1,625
21,173 -4,510 1,537
21,206 -3,254 1,394
21,239 -1,956 1,329
21,272 -0,516 1,318
21,305 0,867 1,337
21,338 2,171 1,356
21,371 3,474 1,415
21,404 4,684 1,507
21,437 5,724 1,583
21,470 6,555 1,738
21,503 7,311 1,762
21,536 7,763 1,857
21,569 8,049 1,893
21,602 8,117 1,907
21,635 8,058 1,906
21,668 7,868 1,908
21,701 7,338 1,768
21,734 6,659 1,708
21,767 5,799 1,545
21,800 4,705 1,501
21,833 3,513 1,398
21,866 2,243 1,306
21,899 0,958 1,339
21,932 -0,450 1,367
21,965 -1,856 1,353
21,998 -3,169 1,454
22,031 -4,436 1,533
22,064 -5,526 1,734
22,098 -6,507 1,834
22,131 -7,291 2,013
22,164 -7,921 2,120
22,197 -8,486 2,223
22,230 -8,820 2,234
22,263 -8,863 2,227
22,296 -8,820 2,211
22,329 -8,484 2,210
22,362 -7,930 2,093
22,395 -7,288 1,985
22,428 -6,515 1,810
22,461 -5,513 1,727
22,494 -4,355 1,570
22,527 -3,170 1,433
22,560 -1,818 1,409
22,593 -0,401 1,360
22,626 0,965 1,366
22,659 2,228 1,365
22,692 3,541 1,437
22,725 4,702 1,514
22,758 5,696 1,570
22,791 6,564 1,720
22,824 7,344 1,772
22,857 7,996 1,904
22,890 8,242 1,903
22,923 8,307 1,923
22,956 8,203 1,913
22,989 7,897 1,913
23,022 7,223 1,781
23,055 6,603 1,696
23,088 5,727 1,545
23,121 4,661 1,494
23,154 3,456 1,379
23,187 2,202 1,325
23,220 0,845 1,321
23,253 -0,562 1,358
23,286 -1,873 1,369
23,319 -3,256 1,476
23,352 -4,543 1,555
23,385 -5,552 1,720
23,418 -6,534 1,834
23,452 -7,398 1,963
23,485 -7,919 2,102
23,518 -8,452 2,194
23,551 -8,719 2,242
23,584 -8,852 2,259
23,617 -8,684 2,247
23,650 -8,411 2,126
23,683 -8,035 1,985
23,716 -7,275 1,931
23,749 -6,500 1,771
23,782 -5,528 1,652
23,815 -4,343 1,462
23,848 -3,146 1,377
23,881 -1,742 1,340
23,914 -0,359 1,338
23,947 0,967 1,349
23,980 2,312 1,372
24,013 3,589 1,423
24,046 4,693 1,516
24,079 5,725 1,546
24,112 6,588 1,699
24,145 7,167 1,773
24,178 7,585 1,904
24,211 7,874 1,915
24,244 7,951 1,925
24,277 7,869 1,900
24,310 7,651 1,894
24,343 7,111 1,783
24,376 6,471 1,729
24,409 5,543 1,579
24,442 4,445 1,543
24,475 3,315 1,404
24,508 2,120 1,363
24,541 0,758 1,343
24,574 -0,621 1,351
24,607 -1,903 1,354
24,640 -3,268 1,496
24,673 -4,569 1,588
24,706 -5,579 1,727
24,739 -6,529 1,910
24,772 -7,399 2,006
24,805 -8,003 2,122
24,838 -8,469 2,235
24,872 -8,745 2,288
24,905 -8,860 2,323
24,938 -8,813 2,263
24,971 -8,416 2,151
25,004 -7,880 2,100
25,037 -7,247 1,964
25,070 -6,451 1,836
25,103 -5,350 1,754
25,136 -4,264 1,569
25,169 -3,025 1,501
25,202 -1,704 1,408
25,235 -0,336 1,358
25,268 0,973 1,364
25,301 2,342 1,388
25,334 3,581 1,422
25,367 4,662 1,518
25,400 5,718 1,643
25,433 6,552 1,724
25,466 7,182 1,784
25,499 7,582 1,849
25,532 7,766 1,936
25,565 7,859 1,906
25,598 7,751 1,924
25,631 7,457 1,918
25,664 6,936 1,775
25,697 6,235 1,693
25,730 5,405 1,565
25,763 4,374 1,475
25,796 3,276 1,422
25,829 1,993 1,355
25,862 0,693 1,319
25,895 -0,639 1,352
25,928 -1,994 1,414
25,961 -3,323 1,526
25,994 -4,542 1,598
26,027 -5,647 1,629
26,060 -6,563 1,764
26,093 -7,342 1,951
26,126 -8,018 2,031
26,159 -8,449 2,139
26,192 -8,660 2,175
26,226 -8,685 2,191
26,259 -8,581 2,173
26,292 -8,252 2,141
26,325 -7,707 2,048
26,358 -7,095 1,923
26,391 -6,295 1,775
26,424 -5,325 1,612
26,457 -4,211 1,541
26,490 -2,934 1,434
26,523 -1,587 1,356
26,556 -0,277 1,335
26,589 1,070 1,350
26,622 2,394 1,372
26,655 3,558 1,398
26,688 4,716 1,496
26,721 5,717 1,559
26,754 6,563 1,701
26,787 7,119 1,761
26,820 7,796 1,897
26,853 8,017 1,921
26,886 8,014 1,912
26,919 7,979 1,901
26,952 7,682 1,889
26,985 7,068 1,756
27,018 6,299 1,605
27,051 5,353 1,543
27,084 4,321 1,512
27,117 3,195 1,383
27,150 1,903 1,347
27,183 0,589 1,335
27,216 -0,698 1,349
27,249 -2,066 1,393
27,282 -3,434 1,464
27,315 -4,602 1,555
27,348 -5,716 1,655
27,381 -6,632 1,762
27,414 -7,295 1,964
27,447 -7,894 2,064
27,480 -8,273 2,172
27,513 -8,490 2,225
27,546 -8,610 2,139
27,579 -8,464 2,179
27,613 -8,086 2,159
27,646 -7,673 1,986
27,679 -7,047 1,790
27,712 -6,102 1,755
27,745 -5,276 1,565
27,778 -4,016 1,525
27,811 -2,824 1,395
27,844 -1,537 1,347
27,877 -0,173 1,350
27,910 1,159 1,354
27,943 2,406 1,364
27,976 3,601 1,400
28,009 4,735 1,507
28,042 5,767 1,553
28,075 6,507 1,711
28,108 7,134 1,755
28,141 7,564 1,789
28,174 7,880 1,895
28,207 8,007 1,910
28,240 7,894 1,902
28,273 7,436 1,779
28,306 6,903 1,718
28,339 6,155 1,635
28,372 5,219 1,538
28,405 4,234 1,454
28,438 3,065 1,357
28,471 1,794 1,243
28,504 0,536 1,216
28,537 -0,817 1,281
28,570 -2,167 1,318
28,603 -3,390 1,397
28,636 -4,558 1,537
28,669 -5,692 1,605
28,702 -6,516 1,815
28,735 -7,252 1,913
28,768 -7,887 2,011
28,801 -8,273 2,142
28,834 -8,474 2,183
28,867 -8,533 2,124
28,900 -8,444 2,133
28,933 -8,069 2,096
28,966 -7,620 1,979
29,000 -6,883 1,906
29,033 -6,083 1,762
29,066 -5,117 1,623
29,099 -3,932 1,534
29,132 -2,718 1,395
29,165 -1,483 1,359
29,198 -0,127 1,364
29,231 1,208 1,337
29,264 2,419 1,381
29,297 3,663 1,514
29,330 4,742 1,571
29,363 5,664 1,587
29,396 6,396 1,747
29,429 6,992 1,855
29,462 7,569 1,666
29,495 7,749 1,898
29,529 7,783 1,919
29,561 7,691 1,919
29,594 7,432 1,910
29,627 6,798 1,747
29,660 6,031 1,640
29,693 5,174 1,530
