t x y
0,000 -2,484 2,484
0,017 -2,316 2,483
0,033 -2,148 2,480
0,050 -1,949 2,474
0,067 -1,728 2,466
0,083 -1,496 2,468
0,100 -1,275 2,459
0,117 -1,006 2,472
0,133 -0,764 2,454
0,150 -0,480 2,478
0,167 -0,242 2,462
0,183 2,547E-2 2,470
0,200 0,241 2,483
0,217 0,530 2,478
0,233 0,738 2,475
0,250 0,989 2,503
0,267 1,223 2,483
0,283 1,496 2,498
0,300 1,724 2,484
0,317 1,923 2,478
0,333 2,080 2,488
0,350 2,242 2,504
0,367 2,414 2,507
0,383 2,560 2,511
0,400 2,721 2,504
0,417 2,837 2,501
0,433 2,931 2,489
0,450 3,025 2,487
0,467 3,078 2,493
0,483 3,100 2,489
0,500 3,091 2,488
0,517 3,086 2,487
0,533 3,076 2,482
0,550 3,055 2,490
0,567 2,929 2,480
0,583 2,870 2,494
0,600 2,749 2,479
0,617 2,685 2,488
0,633 2,569 2,471
0,650 2,400 2,464
0,667 2,237 2,454
0,683 2,075 2,434
0,700 1,825 2,448
0,717 1,628 2,418
0,733 1,385 2,441
0,750 1,123 2,426
0,767 0,873 2,454
0,783 0,639 2,462
0,800 0,380 2,449
0,817 0,155 2,460
0,833 -0,102 2,450
0,850 -0,341 2,463
0,867 -0,603 2,453
0,883 -0,830 2,465
0,900 -1,069 2,450
0,917 -1,306 2,458
0,933 -1,515 2,465
0,950 -1,737 2,462
0,966 -1,970 2,469
0,983 -2,156 2,474
1,000 -2,326 2,476
1,017 -2,487 2,482
1,034 -2,653 2,493
1,050 -2,811 2,497
1,067 -2,933 2,488
1,083 -3,026 2,517
1,100 -3,046 2,506
1,117 -3,153 2,494
1,133 -3,175 2,507
1,150 -3,168 2,500
1,167 -3,164 2,501
1,183 -3,140 2,489
1,200 -3,057 2,498
1,217 -2,987 2,488
1,233 -2,865 2,488
1,250 -2,791 2,495
1,267 -2,647 2,482
1,283 -2,484 2,484
1,300 -2,347 2,493
1,317 -2,162 2,485
1,333 -1,977 2,480
1,350 -1,723 2,491
1,367 -1,499 2,479
1,383 -1,297 2,478
1,400 -1,058 2,470
1,416 -0,820 2,472
1,433 -0,585 2,463
1,450 -0,302 2,462
1,467 -2,405E-2 2,473
1,483 0,221 2,463
1,500 0,480 2,472
1,517 0,725 2,466
1,533 0,971 2,478
1,550 1,221 2,470
1,567 1,425 2,468
1,583 1,679 2,478
1,600 1,882 2,476
1,616 2,060 2,483
1,633 2,232 2,481
1,650 2,401 2,482
1,667 2,574 2,487
1,683 2,714 2,490
1,700 2,820 2,480
1,717 2,888 2,502
1,733 2,949 2,479
1,750 2,948 2,492
1,767 3,010 2,525
1,783 3,074 2,497
1,800 3,074 2,493
1,817 3,055 2,493
1,833 3,040 2,500
1,850 2,997 2,498
1,866 2,948 2,473
1,883 2,828 2,490
1,900 2,734 2,479
1,917 2,594 2,461
1,933 2,423 2,459
1,950 2,264 2,452
1,967 2,106 2,442
1,983 1,883 2,457
2,000 1,631 2,444
2,016 1,402 2,454
2,033 1,209 2,454
2,050 0,937 2,440
2,066 0,706 2,451
2,083 0,465 2,454
2,100 0,247 2,453
2,117 -1,084E-2 2,456
2,133 -0,262 2,448
2,150 -0,480 2,462
2,166 -0,762 2,452
2,183 -1,004 2,465
2,200 -1,235 2,455
2,216 -1,469 2,461
2,233 -1,664 2,464
2,250 -1,875 2,468
2,267 -2,091 2,460
2,283 -2,290 2,474
2,300 -2,476 2,478
2,316 -2,601 2,479
2,333 -2,748 2,478
2,350 -2,860 2,495
2,366 -2,938 2,508
2,383 -3,027 2,512
2,400 -3,048 2,513
2,417 -3,073 2,507
2,433 -3,056 2,503
2,450 -3,036 2,501
2,466 -3,026 2,508
2,483 -2,994 2,496
2,500 -2,964 2,486
2,517 -2,917 2,472
2,533 -2,811 2,482
2,550 -2,689 2,496
2,566 -2,546 2,479
2,583 -2,347 2,482
2,600 -2,192 2,488
2,616 -2,000 2,483
2,633 -1,801 2,480
2,650 -1,600 2,476
2,666 -1,357 2,479
2,683 -1,148 2,474
2,700 -0,912 2,472
2,716 -0,645 2,474
2,733 -0,411 2,457
2,750 -0,185 2,474
2,767 4,971E-2 2,473
2,783 0,321 2,479
2,800 0,552 2,466
2,816 0,844 2,477
2,833 1,055 2,479
2,850 1,275 2,474
2,866 1,520 2,483
2,883 1,721 2,484
2,900 1,902 2,476
2,916 2,080 2,480
2,933 2,251 2,481
2,950 2,408 2,488
2,967 2,549 2,490
2,983 2,672 2,507
3,000 2,765 2,494
3,016 2,863 2,515
3,033 2,920 2,493
3,050 2,933 2,495
3,066 2,964 2,480
3,083 2,943 2,481
3,100 2,933 2,481
3,116 2,908 2,487
3,133 2,902 2,477
3,150 2,781 2,474
3,166 2,720 2,484
3,183 2,585 2,473
3,200 2,474 2,462
3,216 2,332 2,473
3,233 2,196 2,470
3,250 2,059 2,446
3,266 1,850 2,464
3,283 1,632 2,442
3,300 1,395 2,452
3,317 1,202 2,456
3,333 0,951 2,432
3,350 0,709 2,445
3,366 0,492 2,449
3,383 0,240 2,431
3,400 2,633E-3 2,448
3,416 -0,251 2,452
3,433 -0,489 2,459
3,450 -0,751 2,463
3,467 -0,965 2,461
3,483 -1,190 2,462
3,500 -1,403 2,459
3,516 -1,630 2,466
3,533 -1,827 2,480
3,550 -2,040 2,493
3,566 -2,179 2,485
3,583 -2,345 2,487
3,600 -2,509 2,496
3,616 -2,668 2,505
3,633 -2,776 2,485
3,650 -2,877 2,506
3,666 -2,975 2,510
3,683 -3,007 2,506
3,700 -3,029 2,504
3,716 -3,029 2,512
3,733 -3,018 2,507
3,750 -3,003 2,500
3,766 -2,984 2,497
3,783 -2,941 2,487
3,800 -2,923 2,491
3,816 -2,820 2,494
3,833 -2,668 2,495
3,850 -2,524 2,498
3,866 -2,356 2,512
3,883 -2,181 2,500
3,900 -2,006 2,501
3,916 -1,811 2,480
3,933 -1,614 2,469
3,950 -1,385 2,482
3,966 -1,154 2,474
3,983 -0,954 2,473
4,000 -0,679 2,479
4,016 -0,468 2,475
4,033 -0,199 2,477
4,050 4,563E-2 2,471
4,066 0,239 2,460
4,083 0,507 2,476
4,100 0,730 2,466
4,116 0,950 2,464
4,133 1,191 2,478
4,150 1,389 2,471
4,166 1,583 2,477
4,183 1,794 2,471
4,200 1,929 2,478
4,216 2,092 2,481
4,233 2,261 2,482
4,250 2,406 2,484
4,266 2,529 2,492
4,283 2,611 2,485
4,300 2,695 2,500
4,316 2,746 2,493
4,333 2,799 2,495
4,350 2,831 2,510
4,366 2,885 2,498
4,383 2,883 2,499
4,400 2,872 2,498
4,416 2,856 2,494
4,433 2,782 2,472
4,450 2,695 2,489
4,466 2,580 2,490
4,483 2,486 2,486
4,500 2,385 2,469
4,516 2,238 2,464
4,533 2,068 2,464
4,550 1,906 2,437
4,566 1,709 2,450
4,583 1,501 2,456
4,600 1,326 2,451
4,616 1,100 2,411
4,633 0,836 2,465
4,650 0,590 2,452
4,666 0,373 2,460
4,683 0,112 2,447
4,700 -0,142 2,457
4,716 -0,369 2,465
4,733 -0,620 2,461
4,750 -0,830 2,464
4,766 -1,028 2,459
4,783 -1,278 2,456
4,800 -1,482 2,463
4,816 -1,686 2,473
4,833 -1,907 2,462
4,850 -2,124 2,469
4,866 -2,302 2,470
4,883 -2,464 2,483
4,900 -2,564 2,502
4,916 -2,676 2,494
4,933 -2,777 2,484
4,950 -2,945 2,507
4,966 -2,999 2,514
4,983 -3,022 2,509
5,000 -3,025 2,516
5,016 -3,011 2,508
5,033 -3,002 2,502
5,050 -2,980 2,492
5,066 -2,878 2,495
5,083 -2,840 2,493
5,100 -2,783 2,491
5,116 -2,665 2,493
5,133 -2,530 2,497
5,150 -2,428 2,481
5,166 -2,280 2,483
5,183 -2,123 2,480
5,200 -1,954 2,478
5,216 -1,732 2,466
5,233 -1,498 2,477
5,250 -1,284 2,472
5,266 -1,032 2,482
5,283 -0,788 2,479
5,300 -0,568 2,463
5,316 -0,325 2,476
5,333 -8,864E-2 2,473
5,350 0,114 2,479
5,366 0,355 2,483
5,383 0,592 2,471
5,400 0,793 2,466
5,416 1,034 2,473
5,433 1,252 2,477
5,450 1,474 2,469
5,467 1,667 2,481
5,483 1,872 2,490
5,500 2,053 2,488
5,516 2,212 2,489
5,533 2,379 2,489
5,550 2,474 2,480
5,566 2,566 2,490
5,583 2,661 2,500
5,600 2,750 2,486
5,616 2,785 2,482
5,633 2,785 2,483
5,650 2,771 2,486
5,666 2,755 2,486
5,683 2,748 2,485
5,700 2,729 2,483
5,716 2,690 2,498
5,733 2,632 2,466
5,750 2,512 2,487
5,766 2,414 2,469
5,783 2,281 2,458
5,799 2,136 2,453
5,816 1,982 2,461
5,833 1,850 2,458
5,850 1,646 2,459
5,866 1,447 2,415
5,883 1,230 2,445
5,900 1,035 2,456
5,916 0,832 2,443
5,933 0,598 2,448
5,950 0,278 2,455
5,966 7,607E-2 2,450
5,983 -0,130 2,459
6,000 -0,369 2,458
6,016 -0,559 2,444
6,033 -0,792 2,457
6,050 -1,004 2,465
6,066 -1,264 2,461
6,083 -1,466 2,468
6,099 -1,710 2,474
6,116 -1,873 2,473
6,133 -2,043 2,472
6,149 -2,218 2,473
6,166 -2,390 2,477
6,183 -2,515 2,486
6,199 -2,639 2,493
6,216 -2,701 2,509
6,233 -2,793 2,491
6,249 -2,844 2,498
6,266 -2,870 2,497
6,283 -2,895 2,498
6,299 -2,917 2,486
6,316 -2,961 2,493
6,333 -2,928 2,483
6,349 -2,872 2,500
6,366 -2,813 2,485
6,383 -2,735 2,508
6,399 -2,644 2,492
6,416 -2,504 2,493
6,433 -2,403 2,482
6,449 -2,273 2,481
6,466 -2,111 2,480
6,483 -1,957 2,483
6,499 -1,750 2,466
6,516 -1,552 2,484
6,533 -1,307 2,477
6,549 -1,102 2,470
6,566 -0,866 2,481
6,583 -0,595 2,466
6,599 -0,404 2,467
6,616 -0,174 2,477
6,633 7,160E-2 2,471
6,649 0,294 2,466
6,666 0,512 2,487
6,683 0,739 2,477
6,699 0,945 2,466
6,716 1,171 2,482
6,733 1,387 2,478
6,749 1,587 2,476
6,766 1,752 2,481
6,783 1,919 2,479
6,799 2,063 2,486
6,816 2,212 2,486
6,833 2,343 2,484
6,849 2,434 2,482
6,866 2,524 2,498
6,883 2,596 2,487
6,899 2,668 2,503
6,916 2,729 2,491
6,933 2,738 2,498
6,949 2,741 2,493
6,966 2,742 2,488
6,983 2,726 2,489
6,999 2,716 2,473
7,016 2,611 2,457
7,033 2,540 2,464
7,049 2,435 2,450
7,066 2,326 2,464
7,083 2,217 2,449
7,099 2,051 2,463
7,116 1,885 2,454
7,133 1,712 2,447
7,149 1,521 2,461
7,166 1,345 2,452
7,183 1,085 2,446
7,199 0,882 2,453
7,216 0,680 2,464
7,233 0,458 2,448
7,249 0,197 2,456
7,266 -9,565E-3 2,460
7,283 -0,265 2,452
7,299 -0,488 2,462
7,316 -0,755 2,456
7,333 -0,966 2,462
7,349 -1,157 2,461
7,366 -1,361 2,463
7,383 -1,543 2,468
7,399 -1,791 2,468
7,416 -1,973 2,471
7,433 -2,153 2,479
7,449 -2,307 2,475
7,466 -2,442 2,482
7,483 -2,550 2,494
7,499 -2,652 2,483
7,516 -2,743 2,492
7,533 -2,827 2,495
7,549 -2,854 2,585
7,566 -2,866 2,591
7,583 -2,851 2,605
7,599 -2,842 2,619
7,616 -2,839 2,625
7,633 -2,813 2,604
7,649 -2,747 2,611
7,666 -2,677 2,624
7,683 -2,599 2,619
7,699 -2,495 2,624
7,716 -2,359 2,624
7,733 -2,240 2,619
7,749 -2,118 2,607
7,766 -1,954 2,614
7,783 -1,788 2,621
7,799 -1,607 2,622
7,816 -1,371 2,624
7,833 -1,144 2,626
7,849 -0,929 2,617
7,866 -0,712 2,618
7,883 -0,465 2,624
7,899 -0,226 2,622
7,916 -1,287E-2 2,631
7,933 0,224 2,634
7,949 0,432 2,629
7,966 0,700 2,638
7,983 0,897 2,638
7,999 1,065 2,638
8,016 1,237 2,637
8,033 1,459 2,630
8,049 1,635 2,629
8,066 1,788 2,634
8,083 1,934 2,627
8,099 2,110 2,627
8,116 2,246 2,633
8,133 2,393 2,633
8,149 2,452 2,633
8,166 2,554 2,637
8,183 2,601 2,633
8,199 2,627 2,628
8,216 2,653 2,628
8,233 2,629 2,628
8,249 2,610 2,631
8,266 2,584 2,635
8,283 2,561 2,635
8,299 2,529 2,635
8,316 2,444 2,613
8,333 2,312 2,611
8,349 2,229 2,621
8,366 2,083 2,617
8,383 1,921 2,626
8,399 1,761 2,623
8,416 1,596 2,611
8,433 1,426 2,612
8,449 1,227 2,603
8,466 1,022 2,615
8,483 0,830 2,620
8,499 0,619 2,612
8,516 0,388 2,611
8,533 0,193 2,632
8,549 -4,817E-2 2,625
8,566 -0,293 2,635
8,583 -0,480 2,639
8,599 -0,687 2,639
8,616 -0,931 2,635
8,633 -1,133 2,641
8,649 -1,328 2,643
8,666 -1,553 2,644
8,683 -1,710 2,653
8,699 -1,856 2,651
8,716 -2,012 2,651
8,733 -2,177 2,655
8,749 -2,312 2,653
8,766 -2,463 2,648
8,783 -2,528 2,656
8,799 -2,659 2,645
8,816 -2,700 2,655
8,833 -2,747 2,648
8,849 -2,830 2,650
8,866 -2,838 2,648
8,883 -2,835 2,644
8,899 -2,833 2,644
8,916 -2,798 2,637
8,932 -2,725 2,644
8,949 -2,658 2,638
8,966 -2,585 2,632
8,983 -2,497 2,637
8,999 -2,362 2,627
9,016 -2,246 2,621
9,033 -2,096 2,624
9,049 -1,958 2,630
9,066 -1,787 2,629
9,083 -1,627 2,634
9,099 -1,383 2,634
9,116 -1,141 2,631
9,133 -0,947 2,630
9,149 -0,733 2,625
9,166 -0,492 2,635
9,183 -0,298 2,630
9,199 -8,503E-2 2,622
9,216 0,116 2,624
9,233 0,352 2,633
9,249 0,590 2,627
9,266 0,762 2,629
9,283 1,007 2,632
9,299 1,223 2,631
9,316 1,406 2,632
9,333 1,564 2,633
9,349 1,734 2,632
9,366 1,893 2,632
9,383 2,050 2,635
9,399 2,189 2,633
9,416 2,334 2,633
9,433 2,459 2,629
9,449 2,510 2,632
9,466 2,591 2,631
9,482 2,612 2,631
9,499 2,656 2,635
9,516 2,685 2,636
9,532 2,710 2,637
9,549 2,716 2,631
9,566 2,704 2,616
9,582 2,610 2,621
9,599 2,541 2,630
9,616 2,461 2,602
9,632 2,339 2,620
9,649 2,228 2,621
9,666 2,079 2,608
9,682 1,930 2,608
9,699 1,793 2,579
9,716 1,583 2,613
9,732 1,415 2,611
9,749 1,231 2,618
9,766 1,048 2,622
9,782 0,826 2,625
9,799 0,608 2,617
9,816 0,383 2,626
9,832 0,186 2,632
9,849 -4,406E-2 2,617
9,866 -0,279 2,630
9,882 -0,473 2,635
9,899 -0,676 2,635
9,916 -0,899 2,632
9,932 -1,121 2,637
9,949 -1,296 2,639
9,966 -1,473 2,648
9,982 -1,643 2,647
9,999 -1,831 2,653
10,016 -1,984 2,666
10,032 -2,126 2,654
10,049 -2,247 2,640
10,066 -2,338 2,647
10,082 -2,433 2,651
10,099 -2,502 2,649
10,116 -2,611 2,650
10,132 -2,654 2,658
10,149 -2,673 2,648
10,166 -2,677 2,645
10,183 -2,666 2,641
10,199 -2,648 2,642
10,216 -2,619 2,635
10,232 -2,536 2,642
10,249 -2,470 2,637
10,266 -2,364 2,637
10,283 -2,226 2,631
10,299 -2,109 2,631
10,316 -1,970 2,636
10,332 -1,813 2,640
10,349 -1,642 2,637
10,366 -1,471 2,636
10,383 -1,286 2,622
10,399 -1,074 2,625
10,416 -0,875 2,626
10,432 -0,649 2,631
10,449 -0,451 2,635
10,466 -0,232 2,624
10,482 -1,863E-2 2,636
10,499 0,215 2,628
10,516 0,413 2,628
10,532 0,639 2,631
10,549 0,853 2,633
10,566 1,053 2,632
10,582 1,251 2,628
10,599 1,438 2,626
10,616 1,603 2,629
10,632 1,769 2,630
10,649 1,929 2,630
10,666 2,075 2,633
10,682 2,234 2,632
10,699 2,370 2,636
10,716 2,428 2,625
10,732 2,530 2,632
10,749 2,585 2,628
10,766 2,593 2,625
10,782 2,651 2,616
10,799 2,619 2,626
10,816 2,596 2,630
10,832 2,590 2,629
10,849 2,580 2,631
10,866 2,556 2,627
10,882 2,521 2,628
10,899 2,446 2,627
10,916 2,301 2,624
10,933 2,211 2,630
10,949 2,099 2,605
10,966 1,942 2,583
10,982 1,760 2,609
10,999 1,610 2,600
11,016 1,418 2,610
11,032 1,241 2,596
11,049 1,048 2,613
11,066 0,881 2,625
11,083 0,665 2,629
11,099 0,462 2,622
11,116 0,225 2,633
11,132 3,137E-2 2,635
11,149 -0,165 2,637
11,166 -0,413 2,634
11,182 -0,626 2,641
11,199 -0,804 2,640
11,216 -0,995 2,642
11,232 -1,219 2,638
11,249 -1,373 2,640
11,266 -1,557 2,650
11,283 -1,699 2,648
11,299 -1,853 2,646
11,316 -2,002 2,651
11,332 -2,147 2,650
11,349 -2,258 2,641
11,366 -2,360 2,646
11,382 -2,477 2,651
11,399 -2,508 2,649
11,416 -2,538 2,645
11,432 -2,570 2,639
11,449 -2,620 2,644
11,466 -2,632 2,644
11,482 -2,598 2,637
11,499 -2,556 2,640
11,516 -2,484 2,643
11,532 -2,451 2,635
11,549 -2,342 2,637
11,566 -2,251 2,629
11,582 -2,145 2,633
11,599 -2,003 2,638
11,616 -1,851 2,635
11,632 -1,664 2,636
11,649 -1,490 2,633
11,666 -1,315 2,632
11,682 -1,118 2,626
11,699 -0,937 2,623
11,716 -0,701 2,628
11,732 -0,483 2,631
11,749 -0,272 2,630
11,766 -6,871E-2 2,625
11,782 0,162 2,630
11,799 0,360 2,631
11,816 0,571 2,628
11,832 0,772 2,626
11,849 0,993 2,628
11,866 1,201 2,628
11,882 1,374 2,632
11,899 1,557 2,626
11,916 1,718 2,625
11,932 1,894 2,627
11,949 2,049 2,634
11,966 2,189 2,633
11,982 2,278 2,624
11,999 2,391 2,629
12,016 2,457 2,625
12,032 2,554 2,631
12,049 2,578 2,627
12,066 2,607 2,627
12,082 2,637 2,618
12,099 2,605 2,627
12,116 2,594 2,629
12,132 2,608 2,600
12,149 2,571 2,623
12,166 2,525 2,628
12,182 2,414 2,622
12,199 2,325 2,621
12,216 2,228 2,621
12,232 2,079 2,613
12,249 2,002 2,602
12,266 1,874 2,615
12,282 1,707 2,613
12,299 1,544 2,616
12,316 1,371 2,621
12,332 1,194 2,619
12,349 0,989 2,621
12,366 0,773 2,605
12,382 0,554 2,610
12,399 0,356 2,625
12,416 0,162 2,627
12,432 -6,817E-2 2,624
12,449 -0,297 2,633
12,466 -0,484 2,636
12,482 -0,691 2,629
12,499 -0,907 2,625
12,516 -1,092 2,631
12,532 -1,280 2,634
12,549 -1,464 2,644
12,566 -1,636 2,646
12,582 -1,806 2,644
12,599 -1,961 2,644
12,616 -2,104 2,649
12,632 -2,235 2,641
12,649 -2,327 2,645
12,666 -2,442 2,642
12,682 -2,491 2,648
12,699 -2,547 2,649
12,716 -2,605 2,637
12,732 -2,625 2,640
12,749 -2,632 2,641
12,766 -2,640 2,639
12,782 -2,610 2,636
12,799 -2,529 2,640
12,816 -2,470 2,635
12,832 -2,381 2,639
12,849 -2,293 2,634
12,866 -2,167 2,641
12,882 -2,013 2,640
12,899 -1,879 2,639
12,916 -1,731 2,628
12,932 -1,591 2,629
12,949 -1,447 2,628
12,966 -1,263 2,627
12,982 -1,061 2,624
12,999 -0,855 2,631
13,016 -0,615 2,628
13,032 -0,410 2,622
13,049 -0,229 2,622
13,065 -2,048E-2 2,632
13,082 0,218 2,633
13,099 0,426 2,629
13,115 0,624 2,626
13,132 0,834 2,634
13,149 1,034 2,637
13,165 1,235 2,638
13,182 1,396 2,639
13,199 1,562 2,639
13,215 1,721 2,637
13,232 1,862 2,639
13,249 2,015 2,637
13,265 2,168 2,636
13,282 2,269 2,624
13,299 2,369 2,630
13,315 2,444 2,620
13,332 2,524 2,634
13,349 2,565 2,630
13,365 2,589 2,626
13,382 2,580 2,629
13,399 2,568 2,631
13,415 2,573 2,611
13,432 2,532 2,627
13,449 2,507 2,628
13,465 2,427 2,620
13,482 2,292 2,620
13,499 2,190 2,616
13,516 2,067 2,617
13,532 1,957 2,579
13,549 1,819 2,611
13,566 1,672 2,619
13,582 1,514 2,621
13,599 1,353 2,622
13,615 1,175 2,594
13,632 1,014 2,605
13,649 0,847 2,618
13,665 0,648 2,617
13,682 0,409 2,618
13,699 0,200 2,630
13,715 2,170E-3 2,629
13,732 -0,194 2,625
13,749 -0,415 2,625
13,765 -0,620 2,634
13,782 -0,811 2,634
13,799 -0,981 2,642
13,815 -1,166 2,641
13,832 -1,332 2,640
13,849 -1,502 2,643
13,865 -1,662 2,643
13,882 -1,826 2,651
13,899 -1,958 2,641
13,915 -2,044 2,642
13,932 -2,157 2,648
13,949 -2,231 2,636
13,965 -2,323 2,646
13,982 -2,354 2,643
13,999 -2,398 2,638
14,015 -2,392 2,639
14,032 -2,382 2,639
14,049 -2,368 2,637
14,065 -2,358 2,636
14,082 -2,332 2,633
14,099 -2,263 2,629
14,115 -2,181 2,636
14,132 -2,118 2,630
14,149 -1,992 2,638
14,165 -1,866 2,637
14,182 -1,721 2,632
14,199 -1,562 2,622
14,215 -1,434 2,630
14,232 -1,280 2,631
14,249 -1,098 2,628
14,265 -0,917 2,628
14,282 -0,726 2,624
14,299 -0,503 2,633
14,315 -0,306 2,631
14,332 -0,129 2,629
14,349 8,206E-2 2,623
14,365 0,258 2,624
14,382 0,489 2,630
14,399 0,695 2,634
14,415 0,866 2,634
14,432 1,066 2,631
14,449 1,241 2,629
14,465 1,424 2,626
14,482 1,583 2,630
14,499 1,748 2,628
14,515 1,897 2,628
14,532 2,060 2,629
14,549 2,176 2,626
14,565 2,255 2,629
14,582 2,385 2,636
14,599 2,453 2,623
14,615 2,542 2,637
14,632 2,563 2,630
14,649 2,584 2,626
14,665 2,594 2,617
14,682 2,582 2,627
14,699 2,581 2,625
14,715 2,560 2,631
14,732 2,536 2,632
14,749 2,526 2,626
14,765 2,400 2,619
14,782 2,323 2,624
14,799 2,207 2,623
14,815 2,061 2,616
14,832 1,965 2,589
14,849 1,766 2,591
14,865 1,622 2,589
14,882 1,428 2,601
14,899 1,229 2,621
14,915 1,050 2,628
14,932 0,861 2,630
14,949 0,670 2,623
14,965 0,504 2,626
14,982 0,265 2,619
14,999 3,789E-2 2,624
15,015 -0,150 2,631
15,032 -0,322 2,630
15,049 -0,527 2,628
15,065 -0,678 2,631
15,082 -0,915 2,623
15,099 -1,109 2,630
15,115 -1,297 2,644
15,132 -1,471 2,645
15,149 -1,639 2,644
15,165 -1,792 2,648
15,182 -1,883 2,643
15,199 -1,988 2,650
15,215 -2,130 2,644
15,232 -2,166 2,646
15,249 -2,277 2,644
15,265 -2,352 2,649
15,282 -2,360 2,646
15,299 -2,374 2,642
15,315 -2,373 2,643
15,332 -2,367 2,648
15,349 -2,335 2,642
15,365 -2,329 2,635
15,382 -2,284 2,632
15,399 -2,261 2,622
15,415 -2,171 2,630
15,432 -2,035 2,631
15,449 -1,933 2,626
15,465 -1,813 2,632
15,482 -1,658 2,632
15,499 -1,486 2,631
15,515 -1,312 2,632
15,532 -1,140 2,630
15,549 -0,963 2,623
15,565 -0,766 2,611
15,582 -0,566 2,612
15,599 -0,360 2,628
15,615 -0,167 2,629
15,632 3,888E-2 2,629
15,649 0,237 2,628
15,665 0,436 2,627
15,682 0,622 2,628
15,699 0,826 2,636
15,715 1,032 2,635
15,732 1,209 2,637
15,749 1,380 2,635
15,765 1,553 2,637
15,782 1,724 2,633
15,799 1,871 2,636
15,815 2,020 2,633
15,832 2,118 2,625
15,849 2,230 2,631
15,865 2,324 2,636
15,882 2,397 2,635
15,899 2,459 2,624
15,915 2,519 2,633
15,932 2,563 2,631
15,949 2,566 2,633
15,965 2,562 2,635
15,982 2,562 2,633
15,999 2,585 2,611
16,015 2,553 2,624
16,032 2,521 2,627
16,049 2,399 2,616
16,065 2,304 2,611
16,082 2,204 2,625
16,099 2,083 2,607
16,115 1,912 2,609
16,132 1,827 2,613
16,149 1,690 2,598
16,165 1,528 2,605
16,182 1,360 2,612
16,199 1,186 2,615
16,215 0,968 2,576
16,232 0,736 2,602
16,249 0,532 2,623
16,265 0,341 2,625
16,282 0,175 2,628
16,299 -4,866E-2 2,618
16,315 -0,286 2,616
16,332 -0,479 2,629
16,349 -0,647 2,632
16,365 -0,826 2,635
16,382 -1,007 2,631
16,399 -1,164 2,638
16,415 -1,323 2,642
16,432 -1,502 2,645
16,449 -1,655 2,646
16,465 -1,792 2,647
16,482 -1,886 2,636
16,498 -1,995 2,648
16,515 -2,090 2,639
16,532 -2,198 2,648
16,549 -2,254 2,641
16,565 -2,332 2,640
16,582 -2,381 2,646
16,599 -2,372 2,639
16,615 -2,359 2,638
16,632 -2,344 2,637
16,649 -2,310 2,631
16,665 -2,283 2,630
16,682 -2,194 2,636
16,699 -2,133 2,631
16,715 -1,999 2,637
16,732 -1,903 2,628
16,748 -1,799 2,639
16,765 -1,655 2,638
16,782 -1,498 2,635
16,798 -1,318 2,633
16,815 -1,148 2,634
16,832 -0,974 2,630
16,848 -0,795 2,629
16,865 -0,623 2,630
16,882 -0,442 2,623
16,899 -0,269 2,627
16,915 -4,461E-2 2,623
16,932 0,167 2,633
16,948 0,348 2,631
16,965 0,541 2,629
16,982 0,746 2,625
16,998 0,901 2,627
17,015 1,069 2,627
17,032 1,241 2,628
17,048 1,394 2,629
17,066 1,569 2,627
17,082 1,725 2,629
17,098 1,873 2,631
17,115 2,021 2,632
17,132 2,108 2,623
17,149 2,217 2,634
17,165 2,284 2,625
17,182 2,355 2,633
17,199 2,408 2,632
17,215 2,437 2,624
17,232 2,481 2,618
17,248 2,434 2,625
17,265 2,489 2,609
17,282 2,496 2,621
17,299 2,476 2,604
17,315 2,391 2,620
17,332 2,310 2,615
17,348 2,207 2,617
17,365 2,094 2,605
17,382 2,020 2,613
17,398 1,888 2,598
17,415 1,731 2,618
17,432 1,619 2,606
17,448 1,440 2,614
17,465 1,285 2,607
17,482 1,108 2,616
17,498 0,896 2,627
17,515 0,718 2,632
17,532 0,528 2,633
17,548 0,341 2,615
17,565 0,165 2,622
17,582 -5,868E-2 2,619
17,598 -0,281 2,631
17,615 -0,460 2,637
17,632 -0,647 2,638
17,648 -0,814 2,641
17,665 -0,983 2,641
17,682 -1,156 2,646
17,698 -1,324 2,645
17,715 -1,488 2,645
17,732 -1,644 2,644
17,748 -1,794 2,646
17,765 -1,906 2,644
17,782 -1,996 2,647
17,798 -2,118 2,647
17,815 -2,195 2,653
17,832 -2,232 2,644
17,848 -2,318 2,655
17,865 -2,352 2,653
17,882 -2,349 2,649
17,899 -2,347 2,647
17,915 -2,332 2,644
17,932 -2,318 2,643
17,948 -2,283 2,634
17,965 -2,219 2,640
17,982 -2,150 2,638
17,999 -2,111 2,633
18,015 -1,988 2,641
18,032 -1,879 2,642
18,049 -1,736 2,629
18,065 -1,619 2,635
18,082 -1,455 2,637
18,098 -1,284 2,636
18,115 -1,119 2,637
18,132 -0,935 2,635
18,148 -0,744 2,632
18,165 -0,524 2,635
18,182 -0,339 2,637
18,198 -0,136 2,633
18,215 6,454E-2 2,629
18,232 0,215 2,636
18,248 0,408 2,633
18,265 0,586 2,631
18,282 0,800 2,627
18,298 0,992 2,636
18,315 1,166 2,635
18,332 1,353 2,636
18,348 1,516 2,637
18,365 1,670 2,636
18,382 1,838 2,636
18,398 1,965 2,623
18,415 2,066 2,633
18,432 2,199 2,635
18,448 2,271 2,623
18,465 2,336 2,635
18,482 2,380 2,632
18,498 2,404 2,629
18,515 2,409 2,627
18,532 2,402 2,629
18,549 2,411 2,615
18,565 2,418 2,591
18,582 2,378 2,625
18,598 2,363 2,623
18,615 2,273 2,589
18,632 2,195 2,605
18,648 2,090 2,605
18,665 1,996 2,603
18,682 1,904 2,596
18,698 1,817 2,616
18,715 1,667 2,617
18,732 1,530 2,612
18,748 1,364 2,615
18,765 1,197 2,621
18,782 1,024 2,611
18,798 0,858 2,615
18,815 0,670 2,606
18,832 0,497 2,609
18,848 0,314 2,597
18,865 7,731E-2 2,603
18,882 -0,130 2,623
18,898 -0,304 2,631
18,915 -0,486 2,619
18,932 -0,655 2,629
18,948 -0,825 2,635
18,965 -0,992 2,637
18,982 -1,160 2,644
18,998 -1,327 2,643
19,015 -1,483 2,646
19,032 -1,646 2,648
19,048 -1,738 2,642
19,065 -1,846 2,647
19,082 -1,965 2,652
19,098 -2,027 2,643
19,115 -2,097 2,641
19,132 -2,165 2,644
19,148 -2,187 2,639
19,165 -2,188 2,645
19,182 -2,190 2,643
19,198 -2,176 2,640
19,215 -2,160 2,643
19,232 -2,134 2,637
19,248 -2,065 2,629
19,265 -2,010 2,636
19,282 -1,924 2,628
19,298 -1,829 2,635
19,315 -1,722 2,631
19,332 -1,598 2,621
19,348 -1,478 2,627
19,365 -1,313 2,628
19,382 -1,147 2,627
19,398 -0,974 2,621
19,415 -0,808 2,628
19,432 -0,617 2,624
19,448 -0,452 2,626
19,465 -0,287 2,622
19,481 -9,670E-2 2,615
19,498 0,101 2,623
19,515 0,254 2,623
19,532 0,406 2,624
19,548 0,578 2,620
19,565 0,734 2,629
19,582 0,934 2,626
19,598 1,094 2,628
19,615 1,238 2,631
19,632 1,395 2,637
19,648 1,554 2,632
19,665 1,705 2,632
19,682 1,858 2,632
19,698 1,993 2,623
19,715 2,072 2,617
19,732 2,119 2,618
19,748 2,223 2,633
19,765 2,254 2,628
19,782 2,302 2,621
19,798 2,353 2,631
19,815 2,379 2,635
19,832 2,376 2,631
19,848 2,389 2,615
19,865 2,376 2,625
19,882 2,342 2,623
19,898 2,278 2,617
19,915 2,204 2,624
19,932 2,151 2,615
19,948 2,037 2,608
19,965 1,904 2,599
19,982 1,825 2,610
19,998 1,698 2,601
20,015 1,533 2,602
20,032 1,371 2,604
20,048 1,207 2,606
20,065 1,034 2,611
20,082 0,863 2,623
20,098 0,684 2,624
20,115 0,478 2,618
20,132 0,312 2,618
20,148 0,155 2,621
20,165 -1,557E-2 2,615
20,182 -0,208 2,611
20,198 -0,422 2,583
20,215 -0,627 2,616
20,232 -0,801 2,627
20,248 -0,980 2,639
20,265 -1,144 2,637
20,282 -1,298 2,637
20,298 -1,466 2,638
20,315 -1,595 2,630
20,332 -1,692 2,647
20,348 -1,821 2,649
20,365 -1,946 2,646
20,382 -2,025 2,657
20,398 -2,064 2,634
